2095 
1117 
838 
838 
768 
838 
1117 
1118 
978 
1048 
978 
838 
769 
1188 
768 
768 
698 
1047 
908 
1048 
908 
1047 
1048 
838 
838 
1048 
699 
838 
629 
699 
838 
838 
978 
907 
838 
769 
699 
698 
769 
768 
1047 
838 
768 
978 
977 
769 
838 
908 
768 
768 
1327 
1117 
1187 
1188 
1047 
1188 
1816 
1746 
1188 
978 
1117 
1117 
1257 
838 
908 
908 
838 
838 
1187 
1048 
1257 
1187 
1118 
978 
977 
978 
1187 
1187 
1188 
908 
1118 
977 
978 
1257 
1117 
768 
1118 
1188 
838 
838 
838 
978 
769 
838 
768 
1117 
978 
838 
908 
908 
1606 
1537 
1397 
1258 
1396 
1537 
1117 
1048 
1955 
1257 
1397 
1257 
1048 
1047 
908 
1397 
1257 
1187 
1117 
1327 
1327 
1188 
1187 
1117 
1187 
978 
1886 
1677 
1326 
1816 
1606 
768 
1048 
1118 
908 
768 
1188 
977 
2095 
1397 
1118 
1327 
1327 
1396 
1397 
1327 
1187 
1187 
1048 
1397 
1257 
1117 
1117 
768 
768 
908 
977 
768 
907 
908 
1258 
1118 
1466 
1257 
1048 
978 
1397 
1118 
1048 
978 
1397 
1187 
1117 
1397 
1117 
1047 
1327 
1188 
1048 
978 
1466 
1187 
1048 
978 
1466 
1118 
1048 
908 
1048 
908 
908 
977 
1327 
1118 
978 
1048 
1397 
1257 
1048 
1187 
1537 
1397 
1676 
1676 
1816 
1676 
1467 
1257 
1327 
1257 
1258 
1746 
1537 
1537 
1606 
1397 
1327 
1536 
1606 
1327 
1746 
1607 
1257 
2235 
1327 
1257 
1676 
1466 
1466 
1327 
1467 
1397 
1327 
1047 
1327 
1886 
1606 
1397 
1815 
1327 
1397 
1327 
1397 
1397 
1816 
1467 
1327 
1606 
1606 
1257 
1467 
1607 
1467 
1606 
1396 
1257 
1886 
1677 
1466 
1537 
1886 
1885 
1606 
1396 
1397 
1816 
1606 
1746 
2026 
3772 
2933 
1257 
1048 
1955 
1467 
1048 
1048 
1606 
1536 
1816 
1397 
1466 
1746 
2235 
1816 
1816 
2374 
1746 
1886 
1816 
2095 
1606 
2025 
1606 
1536 
1607 
2095 
1676 
1606 
1467 
1885 
2025 
1746 
2026 
1746 
1467 
1466 
1397 
1677 
2025 
1537 
1886 
1746 
1746 
1956 
1956 
2095 
2025 
1816 
1956 
1676 
1956 
1816 
1886 
1677 
1677 
1676 
1886 
2165 
1956 
1956 
1677 
1396 
2096 
1746 
1467 
1606 
1606 
1676 
1606 
1396 
2025 
2026 
2165 
2165 
2375 
2584 
1746 
1746 
1606 
2025 
2305 
2165 
2026 
2165 
2025 
1956 
2095 
1886 
1816 
1886 
2235 
1886 
1746 
2165 
2234 
2235 
1956 
2165 
1886 
2165 
2165 
2025 
2026 
2374 
2445 
2165 
1955 
1886 
2444 
2095 
2304 
2445 
1886 
2863 
2374 
2095 
2165 
2095 
2444 
2235 
2444 
1886 
2305 
2165 
2304 
2305 
2165 
2025 
2025 
2095 
2374 
2304 
2096 
2235 
2445 
2305 
2794 
2444 
2584 
2584 
2864 
2374 
2305 
2235 
2445 
2166 
2374 
2444 
2305 
2165 
2165 
1955 
2025 
2235 
2026 
1886 
2374 
2375 
2235 
2235 
2165 
2933 
2585 
2444 
2235 
2515 
2026 
1886 
2025 
1885 
2374 
2444 
2165 
2445 
2444 
2165 
2445 
2933 
2724 
2445 
2374 
2235 
2723 
2584 
2445 
2304 
2374 
2584 
2514 
2584 
2514 
2305 
2793 
2514 
2235 
2723 
2515 
2514 
2305 
2305 
2305 
2654 
2654 
2515 
2585 
2444 
2724 
2514 
2304 
2375 
3073 
2445 
2654 
2444 
2654 
2514 
2304 
2095 
2166 
2305 
2165 
2723 
2514 
2793 
2514 
2305 
2235 
2165 
2165 
2514 
2724 
2654 
2933 
3003 
2724 
2584 
2375 
2445 
2374 
2305 
2304 
2863 
2724 
2515 
2444 
2863 
2864 
2654 
2584 
2793 
2933 
3003 
2724 
2864 
2794 
2934 
2864 
2724 
2515 
2864 
2793 
2724 
2654 
2654 
3143 
2584 
2584 
2375 
2305 
2374 
2305 
2863 
2584 
2514 
2863 
2723 
2933 
2864 
3702 
2863 
2933 
2864 
2864 
3073 
3003 
2863 
2793 
2724 
3282 
3283 
3212 
3003 
2934 
3212 
3003 
2863 
2793 
2794 
3981 
3003 
3981 
3143 
3142 
3003 
3143 
3142 
3003 
2793 
3213 
3004 
2864 
3143 
3073 
2863 
3143 
3213 
2934 
2794 
2794 
3212 
3212 
2863 
2863 
3842 
3004 
2934 
3073 
2793 
3142 
3212 
3562 
3283 
16134 
3422 
3213 
3143 
3143 
3352 
3213 
3213 
3213 
3143 
3003 
3422 
3701 
3283 
3143 
3073 
3422 
3143 
3142 
3283 
3213 
3143 
3422 
3143 
3143 
3073 
2934 
3003 
2933 
3492 
3352 
3493 
3422 
3213 
3422 
3143 
3492 
3283 
3143 
3561 
3283 
3911 
4120 
3003 
3213 
3074 
3143 
3562 
3492 
3353 
4330 
3352 
3911 
3562 
3702 
3702 
3632 
3353 
3352 
3282 
3213 
3841 
3562 
3492 
3842 
3492 
3632 
3352 
3772 
3562 
3561 
3911 
3423 
3911 
3492 
3632 
3422 
3353 
3283 
3283 
3702 
3492 
3841 
3492 
3772 
3422 
3422 
3352 
3282 
3213 
3213 
3212 
3213 
3143 
3213 
4191 
3841 
3701 
4051 
3911 
3911 
3911 
4261 
4260 
4051 
3981 
3911 
3911 
3771 
3562 
3701 
3771 
3562 
4749 
4051 
4260 
4121 
4051 
3911 
3981 
4121 
4190 
3981 
3911 
4260 
4051 
3981 
3911 
4260 
4051 
3981 
4190 
4121 
4051 
3981 
3981 
3841 
3981 
3981 
3841 
3771 
3841 
3841 
4190 
4051 
4331 
3981 
4121 
4330 
4190 
5797 
5238 
5308 
4190 
4539 
4330 
5168 
4331 
4540 
4330 
4260 
4260 
4470 
4330 
4540 
4330 
4260 
5238 
4400 
4191 
4260 
4261 
4120 
5308 
4470 
4401 
4120 
4260 
4051 
4121 
4330 
5169 
4679 
4330 
4121 
4400 
4400 
4260 
4470 
4121 
3842 
4749 
5029 
4331 
4121 
4260 
4190 
5308 
4749 
4610 
4470 
4819 
5727 
4819 
4889 
5588 
4470 
4469 
5727 
4888 
4819 
5657 
4889 
4680 
5727 
5727 
4609 
4539 
4470 
5727 
4749 
5727 
4680 
4470 
5029 
5727 
4679 
4680 
4959 
4680 
4330 
4470 
4470 
4260 
5029 
4680 
5447 
6216 
5727 
5727 
4958 
5588 
5517 
5028 
5797 
4679 
4889 
5517 
6006 
6006 
6495 
6076 
6216 
6076 
6076 
5937 
5867 
6006 
5797 
6565 
6355 
6216 
6146 
6147 
5518 
6146 
6216 
5587 
6635 
6216 
6146 
6495 
6007 
5937 
6006 
6285 
6216 
6286 
6425 
6705 
6705 
6425 
6286 
5797 
5657 
6146 
6146 
6146 
6076 
6006 
6006 
6007 
6146 
5936 
5937 
5867 
5937 
6216 
6496 
6635 
6565 
6565 
6565 
6635 
6635 
6425 
6565 
6495 
6775 
6635 
6635 
6426 
6635 
6565 
6565 
6425 
6495 
6635 
6635 
6565 
7054 
6635 
6565 
6565 
6496 
6635 
6635 
6565 
6635 
6496 
6426 
6495 
6495 
6495 
6426 
6216 
6076 
6635 
6495 
7194 
6495 
6984 
6426 
6495 
6426 
6565 
6705 
6495 
7194 
7124 
7194 
7054 
6984 
6984 
6844 
6984 
6985 
6914 
6984 
6984 
6914 
6984 
6914 
7124 
7054 
6914 
6984 
6915 
6844 
6704 
6984 
7124 
7124 
7193 
6984 
7054 
6985 
6914 
6984 
6984 
6984 
6914 
6984 
6845 
6984 
7334 
7054 
6914 
7054 
6984 
6914 
6845 
6635 
6774 
7054 
7054 
6915 
7613 
7404 
7334 
7403 
7264 
7404 
7543 
7543 
7543 
7543 
7473 
7543 
7473 
7403 
7542 
7473 
7403 
20882 
7543 
7543 
8032 
7473 
7403 
7473 
8101 
7543 
7403 
7473 
7404 
7473 
7473 
7473 
7473 
7403 
7263 
7473 
7613 
7752 
7543 
7404 
7474 
7543 
7543 
7473 
7333 
7334 
7264 
7333 
7334 
7334 
7613 
7962 
8032 
8101 
8032 
7962 
7962 
8031 
7962 
7892 
8032 
8032 
7962 
7962 
7892 
7753 
7682 
7752 
7682 
8032 
7962 
7962 
8032 
8031 
7962 
8032 
8031 
8032 
7962 
8031 
8032 
8032 
7962 
8032 
8031 
7962 
7962 
8102 
7962 
8032 
7962 
8032 
8031 
8032 
7892 
7962 
7822 
8172 
7752 
7753 
8102 
8451 
8520 
8521 
8451 
8591 
8451 
8311 
8591 
8660 
9359 
9149 
3981 
4051 
4051 
3632 
8661 
6425 
9219 
7752 
7613 
3981 
4121 
3981 
3911 
3981 
3981 
3841 
9289 
8451 
8451 
8451 
6077 
5517 
8660 
8521 
8661 
8590 
8451 
8381 
8381 
8451 
8451 
8451 
8451 
8660 
8660 
8730 
8660 
8660 
8730 
9289 
9219 
9149 
9009 
9010 
9080 
9219 
9149 
9079 
9149 
8940 
9009 
9149 
9149 
9080 
9150 
9150 
9219 
9289 
9219 
9080 
9009 
9010 
9080 
9220 
9150 
9079 
9010 
9080 
9010 
10127 
9079 
8940 
9988 
9010 
9428 
9079 
9010 
9010 
9009 
8940 
9080 
10686 
9009 
9149 
9219 
9778 
9079 
9220 
9498 
9917 
9708 
9638 
9638 
10127 
9917 
9918 
9917 
11104 
9918 
9708 
9848 
10686 
9918 
9778 
9778 
9848 
9918 
9918 
9848 
9918 
9918 
9917 
9847 
10685 
9917 
9917 
9918 
10895 
9848 
9917 
9987 
10197 
9848 
9988 
8660 
9987 
9918 
9918 
9917 
9918 
9848 
9778 
9778 
9778 
9639 
9568 
9499 
9499 
9987 
10337 
10337 
10337 
10197 
10267 
10267 
10267 
10546 
10337 
10336 
10267 
10267 
10266 
10267 
10267 
10267 
10267 
10267 
10267 
10267 
10197 
10197 
10197 
10197 
10266 
10197 
10196 
10057 
10267 
10407 
10336 
10407 
10266 
11384 
10267 
10267 
10336 
10266 
10197 
10336 
10267 
10476 
10267 
10127 
10337 
10267 
10337 
10336 
10337 
10267 
11314 
11803 
6146 
5867 
4680 
6146 
4749 
5238 
12711 
4819 
4609 
4121 
4330 
4330 
10547 
5588 
5517 
5518 
6985 
6914 
6984 
6915 
7822 
7683 
7892 
7823 
10756 
10686 
9149 
9219 
10477 
10616 
10755 
10756 
10616 
10755 
10546 
10756 
10686 
10755 
10826 
10756 
10756 
10756 
10825 
10686 
10756 
10895 
27099 
11245 
11524 
11664 
11664 
11803 
11733 
11593 
12502 
11733 
12432 
7054 
6565 
12571 
5797 
5588 
6146 
11663 
6146 
11524 
9498 
11524 
10197 
11593 
11664 
11594 
11664 
11594 
11663 
11594 
11594 
11734 
11733 
11594 
11664 
11594 
11594 
11594 
11664 
11594 
11524 
11594 
11663 
11803 
11594 
12501 
12641 
11594 
11593 
11594 
11873 
11943 
12502 
12641 
12502 
12292 
12292 
12362 
14457 
13550 
13060 
12572 
11384 
12851 
13829 
12572 
12572 
12572 
12502 
12501 
12502 
12501 
12571 
12501 
12502 
12501 
12292 
12501 
12292 
12362 
12642 
12571 
12502 
20813 
12781 
12571 
12362 
12502 
12432 
12501 
12432 
12362 
12571 
13689 
14039 
13549 
6635 
9150 
7962 
6566 
9638 
6775 
7473 
7473 
7404 
7752 
7612 
7054 
5867 
14457 
6216 
5377 
6286 
5867 
5308 
5238 
13549 
6355 
14247 
13270 
7613 
13200 
5377 
6635 
6775 
5099 
4750 
5727 
5937 
6984 
7893 
7264 
5517 
5029 
13200 
12642 
12571 
12781 
12641 
12711 
5098 
5099 
5937 
6006 
12781 
9848 
9289 
12782 
10336 
13829 
12641 
8101 
7263 
7473 
7753 
7054 
7403 
31500 
10336 
5448 
13758 
5797 
5937 
5588 
9638 
10058 
5797 
5238 
5518 
5447 
5797 
5657 
5728 
13550 
5518 
6985 
12083 
5587 
5727 
6495 
6565 
8171 
6495 
24445 
5028 
5867 
7054 
6495 
5867 
6216 
6774 
6077 
5168 
19975 
6076 
5797 
5587 
7124 
6146 
6356 
6774 
13200 
14247 
14178 
12851 
12641 
12432 
12292 
12362 
12502 
13409 
14387 
6985 
7263 
6774 
6006 
5866 
6007 
6285 
6495 
7334 
7333 
5866 
6356 
5657 
5727 
5797 
5727 
5657 
5518 
14527 
5238 
5308 
5517 
5239 
5238 
5308 
7962 
7752 
7753 
10127 
9638 
10267 
10407 
9917 
9569 
9359 
12501 
12572 
12432 
12432 
7263 
7334 
7683 
7473 
7263 
7543 
6216 
5447 
5518 
5448 
5588 
6704 
7683 
8731 
9987 
9638 
14946 
5517 
8521 
14946 
15086 
10825 
12153 
13829 
13409 
13550 
13829 
15016 
22070 
12990 
15435 
16134 
15366 
14807 
14806 
14737 
15226 
16692 
17740 
17670 
16273 
17950 
18439 
17670 
15435 
15086 
14946 
15784 
15435 
16204 
17390 
10267 
18578 
9428 
18857 
10756 
10755 
10616 
9010 
10197 
9499 
9150 
10686 
12572 
12012 
14038 
14038 
16553 
15016 
8451 
8311 
8241 
18578 
11174 
10336 
10336 
10336 
10825 
11943 
12013 
6076 
6076 
6006 
6006 
15924 
16692 
6076 
9847 
9848 
5867 
5797 
15854 
16902 
8730 
9429 
10546 
10686 
18578 
14178 
14038 
17740 
17390 
17251 
17111 
17181 
17880 
18159 
17111 
17740 
17391 
17181 
17112 
17042 
17041 
17041 
16762 
17461 
16972 
17112 
16762 
16692 
16902 
17531 
17111 
17181 
17111 
17181 
17181 
18228 
18299 
17949 
6845 
16902 
6635 
16832 
6565 
11455 
16902 
17182 
16762 
16832 
17111 
16832 
17670 
27448 
16971 
17321 
18019 
16832 
14178 
17181 
6915 
6496 
6425 
6495 
7054 
6565 
6425 
6775 
7542 
6565 
6635 
19137 
8800 
18577 
17810 
19067 
19347 
19696 
9847 
9708 
7753 
8731 
9848 
9359 
8032 
20254 
20045 
20464 
19835 
19067 
18997 
19835 
19416 
21651 
18857 
18648 
18368 
18577 
20534 
8940 
9429 
8940 
19835 
19207 
7124 
6565 
6425 
6285 
6356 
9638 
7683 
7753 
7403 
7892 
7404 
9847 
10337 
11105 
10057 
8451 
10197 
9568 
10197 
9848 
9848 
8521 
8451 
7892 
9778 
9080 
8940 
8521 
7822 
8591 
8102 
8032 
8800 
9987 
10127 
9848 
9009 
8591 
9429 
10686 
21022 
21092 
18787 
18229 
18368 
19556 
18299 
18299 
18508 
18578 
18438 
18508 
18438 
18717 
18648 
18927 
19066 
19067 
19067 
19067 
19346 
19136 
19067 
18997 
19276 
19067 
19346 
19416 
6915 
11733 
11734 
12292 
12223 
15295 
15295 
16343 
17181 
16343 
16343 
17181 
16832 
16413 
28216 
16552 
17670 
19346 
19276 
18997 
18928 
19067 
18927 
25562 
19346 
23048 
6915 
9778 
9708 
10755 
10966 
15645 
15645 
16762 
19346 
16343 
16483 
20603 
21372 
21511 
7334 
10197 
9987 
12850 
17880 
15994 
16203 
17391 
17251 
17321 
17321 
17321 
17321 
17182 
18089 
17181 
20044 
19905 
19835 
19766 
20184 
20184 
21093 
20114 
20114 
19905 
19905 
19765 
20184 
21093 
20324 
21790 
31499 
21581 
7753 
7822 
7473 
7403 
14387 
14318 
16203 
15994 
19835 
17111 
20324 
17461 
17600 
27587 
21651 
22838 
23327 
22001 
22000 
21442 
22070 
8311 
15296 
15644 
16063 
19765 
18787 
21512 
21511 
23257 
22350 
22628 
22769 
22978 
21721 
23188 
22769 
23397 
21442 
21790 
22350 
8590 
8940 
9009 
8800 
8451 
11593 
11943 
25771 
12431 
10336 
10267 
23257 
8381 
8591 
12502 
13061 
17670 
18368 
22698 
21651 
22977 
22209 
8172 
8171 
8381 
8381 
8311 
8241 
8311 
12501 
11105 
10476 
10406 
11175 
11175 
11175 
13689 
13689 
13340 
12851 
16343 
16273 
19206 
22349 
18089 
17740 
19695 
21930 
21441 
21721 
19486 
23047 
22489 
22350 
22978 
22349 
22280 
22349 
22000 
22140 
22209 
23188 
24096 
24445 
33315 
24165 
24794 
10197 
9079 
8172 
12642 
11035 
23746 
22978 
22909 
23955 
23187 
23257 
23397 
24305 
24654 
24025 
25422 
24235 
9987 
8661 
8590 
8660 
23118 
14318 
16692 
24654 
8800 
8730 
8801 
23187 
9778 
9289 
8870 
12642 
11873 
25422 
23118 
8800 
11524 
9778 
23677 
22419 
14667 
15435 
15365 
8381 
8311 
9009 
8940 
8870 
12921 
12782 
16134 
17600 
17879 
17390 
10756 
11733 
11175 
13828 
13969 
15365 
17181 
16762 
16832 
16762 
23397 
20045 
23397 
20743 
21511 
26121 
25841 
26121 
26051 
25982 
27727 
25982 
26121 
24794 
25981 
25702 
23746 
26121 
24445 
24095 
24654 
23816 
23676 
23886 
24095 
23467 
23537 
24724 
24654 
25003 
23746 
24654 
23676 
23397 
23746 
23327 
23467 
23886 
24305 
24655 
25352 
26400 
26680 
26470 
27169 
27518 
28705 
25841 
28286 
27518 
27517 
25632 
27867 
27448 
26051 
28705 
25911 
26260 
29124 
28635 
28775 
28705 
26889 
26121 
26400 
26261 
26191 
28915 
28426 
30381 
31359 
12292 
12431 
16553 
13339 
19067 
14457 
13479 
15155 
11874 
13689 
27029 
10476 
10127 
9709 
9499 
9080 
9289 
9149 
9149 
15505 
12712 
33873 
17810 
23816 
23956 
23886 
24585 
25702 
26889 
25702 
23677 
15086 
15435 
14737 
15365 
16832 
21651 
19696 
20463 
19626 
19696 
22070 
22210 
23746 
23816 
23676 
23676 
27378 
23747 
23677 
14597 
10197 
10406 
10197 
10337 
10197 
10337 
10127 
10267 
9918 
9918 
10546 
11664 
10966 
9988 
9848 
9847 
9847 
9778 
27588 
28076 
35200 
28076 
29403 
29403 
29613 
10825 
19416 
10965 
11175 
13829 
10826 
13898 
14177 
15086 
15085 
17111 
17461 
17251 
18159 
19975 
18159 
18020 
19974 
20045 
24305 
23956 
24166 
27937 
27867 
28007 
27937 
27937 
28495 
31568 
31848 
27937 
28007 
28146 
9988 
27937 
15016 
15016 
15924 
15715 
17950 
17950 
27867 
18229 
22838 
26401 
24724 
28775 
28705 
30241 
28774 
35409 
28636 
28985 
28775 
29124 
11942 
14178 
14458 
14737 
13689 
12083 
12711 
11105 
13340 
11384 
11104 
10896 
10336 
12711 
13270 
10406 
28984 
18718 
23397 
23327 
23257 
25073 
28985 
24724 
25003 
24794 
25003 
24934 
24863 
24724 
24794 
24794 
28845 
24725 
24654 
24934 
24794 
28775 
11105 
11314 
11244 
11175 
11245 
11175 
11315 
11035 
11244 
11105 
11175 
11174 
11244 
11175 
11035 
11245 
11105 
11245 
11245 
11105 
11314 
11245 
11175 
11104 
11175 
11104 
11244 
11245 
11314 
11245 
11175 
11175 
11175 
11175 
11105 
11175 
11175 
11175 
11245 
11174 
11175 
11175 
11315 
11174 
11105 
11314 
10546 
11454 
14527 
14109 
30032 
26610 
27238 
11594 
11105 
11175 
11035 
10965 
11035 
30731 
30591 
30661 
11035 
30800 
12572 
11175 
15365 
30730 
30730 
19905 
30940 
30940 
30870 
30870 
31010 
31080 
31010 
31080 
31079 
31080 
44699 
11384 
31219 
30940 
11454 
11384 
11454 
31220 
11385 
31080 
31219 
31429 
31359 
31988 
27168 
31498 
31289 
31568 
31569 
39390 
31708 
32477 
32476 
32407 
32407 
32406 
32406 
32476 
32336 
32407 
32476 
32407 
32337 
32477 
32406 
32336 
32267 
32337 
32406 
32406 
32477 
32617 
32406 
32476 
32477 
32337 
32476 
32476 
32477 
32546 
32546 
32337 
32197 
33175 
32406 
32406 
32477 
32406 
32547 
32407 
32546 
32407 
32476 
32406 
32546 
32406 
32267 
32476 
32407 
32476 
34641 
33594 
33524 
33524 
33524 
33524 
33524 
33454 
33524 
33455 
33385 
33315 
33524 
33733 
33315 
33524 
33594 
33454 
33524 
33524 
33384 
33454 
33734 
33315 
34153 
33524 
33524 
33524 
33245 
34083 
34083 
33454 
33384 
47702 
33524 
33524 
33454 
33315 
33873 
33384 
33454 
33524 
33454 
33384 
33454 
33315 
33524 
33315 
33384 
33314 
33874 
34571 
34572 
29822 
47912 
34571 
34642 
34641 
46444 
34502 
34572 
34571 
34641 
34711 
34502 
34642 
34641 
34572 
34572 
34571 
34572 
43721 
34572 
34642 
34571 
34433 
34572 
34501 
34432 
34712 
34642 
34572 
34642 
34572 
34641 
12990 
28146 
34572 
34642 
34642 
34571 
34711 
34571 
34363 
34572 
34502 
43581 
34572 
34502 
34432 
35061 
35759 
35689 
35689 
35829 
35689 
35619 
35689 
35619 
35619 
35550 
38134 
36178 
35759 
35620 
35340 
35479 
35689 
35479 
35549 
35689 
35550 
35550 
45327 
35689 
35689 
35689 
35689 
35689 
35620 
35759 
35689 
149671 
35689 
35829 
35619 
35479 
35689 
35619 
41974 
35829 
35689 
35829 
35828 
37505 
36109 
35829 
35549 
35619 
35480 
36458 
37086 
37296 
37086 
37086 
36877 
36877 
37994 
36877 
37016 
46166 
37156 
37086 
37017 
36946 
37017 
37225 
37295 
37295 
37226 
37296 
37226 
37086 
37295 
37226 
37226 
37645 
38972 
38133 
37365 
41276 
40299 
40229 
48750 
41835 
36946 
36947 
36877 
37156 
37226 
37087 
37156 
37086 
37296 
37226 
37226 
37296 
37156 
37225 
37226 
37575 
52102 
38273 
38343 
38343 
38343 
38273 
38273 
38204 
38134 
38343 
38344 
38064 
38343 
38204 
38273 
38273 
38343 
38203 
38343 
47702 
38134 
38483 
38343 
38204 
38413 
38273 
38273 
38343 
38203 
38273 
38343 
38273 
38063 
38273 
38133 
38343 
38204 
38204 
38273 
38273 
38343 
38343 
38204 
38134 
38133 
38413 
52243 
38343 
38134 
47702 
39601 
39670 
39530 
39530 
39600 
39600 
39461 
39531 
39531 
39600 
39530 
39601 
39531 
39600 
39530 
39600 
39600 
39600 
39530 
39460 
39461 
39461 
39601 
39461 
39461 
39601 
39531 
39460 
39600 
39531 
39391 
48331 
39531 
39600 
39530 
39460 
39461 
39600 
49797 
39600 
39530 
39670 
39601 
39601 
39531 
39460 
39531 
39391 
39321 
39810 
40857 
40718 
41207 
40439 
40648 
40648 
40578 
40648 
40648 
40508 
40509 
40438 
40648 
40648 
40578 
40508 
40508 
40509 
40648 
40648 
40787 
40718 
40718 
40579 
40717 
41276 
40648 
40578 
40787 
40788 
40648 
40509 
40578 
40718 
40648 
40788 
40647 
40717 
54756 
40647 
40718 
40718 
40717 
40648 
40508 
40718 
40718 
40648 
40648 
40788 
41625 
41626 
41556 
41556 
41626 
41695 
41556 
41556 
41835 
44140 
41835 
41905 
41905 
41695 
41975 
41905 
41766 
42044 
43093 
41766 
41974 
41905 
41975 
41766 
41696 
41905 
41765 
41765 
41696 
41905 
41835 
41626 
41765 
41766 
41905 
42534 
42045 
41835 
41696 
41696 
41835 
41836 
41905 
41835 
41835 
43582 
44140 
43791 
43651 
51124 
43163 
43093 
43092 
42883 
42953 
42883 
43162 
43162 
43092 
43023 
43023 
43023 
43232 
43023 
43093 
42953 
42953 
43092 
43023 
43163 
43092 
43162 
43162 
43023 
43163 
43093 
43232 
43093 
43092 
43162 
43232 
43092 
43162 
45257 
43023 
43441 
43162 
43093 
43023 
42883 
42953 
43022 
42953 
42882 
43023 
43023 
43092 
42952 
50426 
44280 
31848 
55035 
44350 
44140 
44279 
44210 
44978 
45257 
16203 
26610 
44420 
44210 
44279 
44210 
44210 
44350 
44419 
44140 
44349 
44629 
44559 
44489 
44280 
44349 
44210 
44350 
58528 
44280 
38064 
44350 
44420 
38273 
44978 
44280 
44419 
44280 
44350 
44350 
44070 
44420 
44420 
45746 
44210 
44349 
44490 
44420 
44349 
46654 
44280 
44838 
45677 
46305 
55874 
45747 
45677 
45816 
45607 
45746 
59994 
45677 
45817 
45746 
62648 
54547 
47633 
45747 
45606 
45536 
45607 
45747 
45676 
45677 
45537 
45747 
39740 
16762 
25911 
45816 
27378 
17181 
16623 
16622 
45328 
45607 
54476 
45607 
45677 
45676 
45677 
45816 
45816 
45677 
47772 
45607 
45607 
45816 
45746 
45607 
45677 
46026 
47074 
46934 
47003 
46794 
47003 
46864 
46863 
46864 
47004 
46934 
46864 
47003 
46934 
46934 
47004 
47074 
47003 
47003 
47004 
47073 
47144 
46934 
46794 
46863 
46794 
56153 
46794 
49029 
46863 
46863 
46864 
46864 
46794 
46864 
46794 
17950 
48332 
49937 
49099 
33943 
33803 
46864 
40509 
47003 
46794 
46794 
46794 
46864 
46794 
47702 
48609 
48680 
48471 
48610 
48540 
48470 
48540 
48610 
50147 
51683 
52940 
52241 
18718 
18997 
18858 
18787 
18717 
18927 
18508 
17531 
48470 
17670 
48540 
17600 
48470 
34921 
34991 
48610 
41905 
48610 
48610 
48610 
48610 
48749 
50356 
48680 
48610 
48610 
48680 
52870 
52033 
52172 
18997 
18857 
18717 
18928 
18717 
18648 
48470 
49029 
45676 
23537 
35760 
17879 
49936 
18020 
49797 
18299 
18159 
61531 
50147 
18159 
40299 
49797 
57899 
49798 
18159 
50146 
50146 
49937 
50077 
50147 
18229 
18229 
18299 
51194 
25493 
65163 
50007 
40578 
50077 
49798 
50146 
50216 
50076 
50007 
50007 
49936 
49937 
67956 
49798 
49867 
49797 
50147 
50146 
50077 
50007 
50006 
50705 
18368 
51543 
18508 
51544 
18578 
51473 
51404 
18647 
18577 
48820 
77734 
64465 
51474 
51404 
51403 
51473 
51264 
51403 
51194 
51194 
51125 
51125 
51194 
18508 
51264 
51334 
33035 
51264 
44210 
44140 
44280 
44210 
50287 
44349 
51194 
51194 
51473 
51403 
51264 
51264 
51474 
51194 
51194 
51125 
51404 
51404 
60414 
51403 
51194 
51125 
51822 
52730 
52661 
52800 
52800 
52661 
52731 
52731 
52660 
52801 
52730 
52730 
52660 
52661 
52870 
52661 
52661 
52730 
52870 
52800 
52661 
52660 
52661 
52730 
52591 
52731 
52591 
52521 
52521 
52591 
52591 
52871 
52941 
52730 
52660 
52661 
52661 
52870 
53429 
52731 
52591 
52591 
52730 
52731 
52870 
52730 
52871 
52661 
52730 
52661 
62438 
54197 
53778 
53987 
53988 
62508 
54057 
53568 
53569 
53639 
53918 
53778 
53918 
54058 
54057 
54337 
54057 
34990 
35060 
46724 
54477 
46795 
54128 
54267 
58388 
58946 
56572 
21232 
21511 
26330 
40439 
23956 
20393 
21721 
19835 
19905 
19836 
29194 
29194 
33105 
33175 
33175 
38553 
38482 
38553 
38552 
51962 
65581 
53848 
53848 
54965 
55524 
55524 
55874 
55384 
55734 
55385 
55524 
63975 
55734 
55594 
55524 
57690 
55594 
55385 
55454 
55804 
55455 
55385 
55664 
55384 
55384 
55804 
55594 
55384 
55873 
55525 
55664 
55664 
55734 
55734 
55943 
55734 
55734 
55734 
55664 
56223 
55874 
55524 
55455 
56083 
56572 
57340 
55734 
55733 
55733 
56013 
55734 
55733 
55734 
56991 
58458 
56362 
58178 
77524 
61042 
62649 
60832 
21372 
21023 
22768 
23258 
37226 
56572 
34433 
36039 
35759 
35829 
35968 
56223 
40369 
40579 
48330 
48470 
50706 
48261 
48190 
51333 
48750 
48609 
48331 
48331 
48401 
49238 
48471 
48400 
48191 
48051 
48191 
48191 
56083 
56362 
56013 
56153 
56013 
56153 
56503 
56362 
58737 
61112 
56642 
57410 
57690 
64743 
57620 
57410 
57480 
57340 
60344 
61531 
60902 
62159 
20953 
19974 
31499 
20114 
22558 
28635 
28565 
37295 
38553 
37924 
36597 
36946 
57550 
40998 
49379 
49518 
49518 
49797 
49378 
49238 
49587 
49378 
49378 
49309 
49448 
49518 
57550 
57690 
57480 
57620 
57550 
57410 
57480 
57480 
57689 
64674 
57619 
57480 
58597 
59436 
59365 
59645 
66630 
59575 
59435 
59295 
59576 
59575 
61740 
60623 
59645 
59436 
59366 
60343 
59645 
69004 
59575 
59365 
59645 
59505 
59296 
59366 
59226 
62159 
59715 
59436 
59575 
59226 
59436 
59715 
59226 
59575 
59645 
59505 
59715 
59435 
59505 
59575 
59715 
59855 
59715 
71448 
60134 
64534 
62160 
59785 
59715 
60064 
38763 
45886 
43162 
46584 
43372 
51054 
49029 
52311 
52521 
52451 
52242 
52382 
52242 
52172 
60623 
66280 
65721 
65442 
66001 
65721 
60902 
60832 
61531 
60832 
60833 
60833 
60832 
60763 
60902 
60762 
60972 
61111 
61042 
79969 
63207 
63276 
63067 
63906 
63416 
71658 
63417 
63556 
63207 
64953 
64814 
65581 
65581 
65512 
65511 
65512 
61601 
62369 
74800 
62369 
64464 
62998 
62439 
62648 
62578 
69632 
62649 
62578 
62578 
62299 
62369 
62439 
62299 
62439 
62299 
62648 
62438 
67118 
63416 
62439 
62438 
62788 
62438 
62368 
62578 
62508 
67747 
66979 
68655 
66839 
67119 
62369 
62578 
64395 
62438 
62718 
62369 
62508 
62369 
62439 
62299 
62369 
62299 
62438 
62788 
63068 
64324 
65582 
82344 
67537 
66559 
68026 
69143 
67048 
64394 
73403 
25842 
22350 
27168 
22210 
48889 
22279 
22489 
22279 
22209 
24305 
25074 
24933 
30102 
65163 
29334 
64394 
46096 
56642 
55175 
23886 
23328 
23816 
22280 
22210 
22209 
31429 
22280 
22838 
34153 
34083 
64184 
45956 
46584 
54616 
58108 
60273 
56503 
55594 
55385 
55385 
65093 
66000 
65791 
65791 
67118 
66071 
71937 
68026 
65791 
65721 
65651 
65791 
66001 
65861 
67188 
70540 
70889 
67188 
66140 
66210 
65721 
65861 
65931 
65791 
66070 
65791 
65791 
66001 
65721 
65791 
65721 
70890 
66001 
65930 
65722 
66070 
65791 
66070 
65861 
66141 
65791 
66070 
65861 
66070 
66559 
65721 
65861 
65721 
65791 
66001 
31080 
26540 
26330 
30940 
32197 
34362 
31918 
34083 
38832 
43302 
39391 
57689 
60832 
59505 
66070 
73684 
59086 
58527 
64185 
67048 
28705 
26470 
27169 
26330 
28635 
28705 
31219 
28286 
26121 
26749 
30172 
30451 
30241 
33455 
70470 
43302 
43092 
42953 
48121 
48400 
73334 
73613 
68306 
67467 
69772 
67816 
67817 
67886 
67817 
67677 
27099 
27727 
27728 
28146 
31428 
27658 
30242 
31150 
30731 
30241 
31150 
29543 
29404 
30312 
26121 
25143 
26051 
26470 
26400 
27028 
27168 
26889 
28356 
26400 
26470 
32337 
26330 
25771 
25073 
30521 
26680 
26470 
27099 
25422 
118801 
32407 
25701 
25701 
25701 
25981 
28425 
27518 
30591 
31010 
30311 
30172 
33105 
31359 
30381 
31498 
33873 
32267 
39670 
38133 
39251 
47283 
45956 
51613 
54198 
55943 
59226 
62020 
69143 
66699 
64604 
65092 
64674 
65652 
64394 
65441 
66210 
65861 
76547 
71867 
71588 
70750 
76966 
70401 
70401 
74102 
70680 
77035 
70471 
70680 
70610 
76197 
90934 
70610 
73963 
70471 
70540 
70749 
70819 
70540 
70540 
70680 
70540 
70470 
70750 
71309 
71448 
93169 
72216 
72147 
72775 
72496 
75918 
73543 
72565 
72426 
81087 
72845 
72426 
81646 
75499 
75080 
78851 
32267 
29404 
29613 
27867 
30590 
34921 
32616 
33105 
33804 
31988 
30730 
31150 
27587 
30172 
28844 
27937 
31289 
36807 
35270 
31499 
32058 
32127 
30451 
32756 
31359 
31778 
33733 
32267 
31708 
30382 
28216 
31149 
37575 
72915 
73892 
73963 
73892 
73892 
73684 
73892 
73893 
73962 
75569 
74032 
73753 
86046 
73753 
73753 
73753 
75988 
78083 
75848 
74800 
73963 
73753 
73753 
73823 
76058 
81226 
80108 
78851 
77873 
78153 
78293 
77035 
87512 
77524 
95962 
78572 
76616 
79760 
78083 
88070 
77035 
78782 
84439 
83601 
56223 
73823 
45467 
74103 
74032 
73753 
26190 
75709 
75918 
75849 
81296 
76127 
80597 
29683 
29683 
35968 
65581 
26680 
85557 
75848 
88560 
76058 
75988 
76198 
85556 
76337 
76337 
76338 
76546 
76687 
76546 
76687 
77734 
79480 
84579 
81785 
103995 
82413 
90236 
82204 
81994 
87163 
77315 
77384 
84718 
88629 
80249 
81506 
87582 
81296 
79760 
80597 
78363 
81436 
80807 
78572 
31219 
31429 
31429 
77734 
85486 
64395 
27239 
78013 
77803 
86814 
77734 
77874 
77874 
78014 
78083 
86185 
78154 
78223 
78292 
78502 
78433 
92401 
78921 
86464 
78502 
78433 
78362 
86325 
78362 
78292 
78363 
78362 
78292 
78991 
81855 
79968 
79899 
81506 
80248 
102459 
87093 
85556 
95754 
84090 
85766 
78572 
82693 
80947 
82623 
83671 
78153 
84509 
82483 
81156 
81855 
80947 
104553 
79899 
79689 
79969 
79130 
86395 
79480 
79899 
79061 
94845 
82972 
79410 
81645 
78991 
87373 
78921 
78991 
78991 
79061 
79061 
79131 
79271 
79270 
79061 
79271 
79271 
87792 
79200 
79270 
79340 
79340 
79340 
79410 
79550 
79410 
28425 
44768 
51124 
57690 
51473 
57201 
79900 
68724 
69353 
80597 
81505 
81575 
81506 
81576 
81576 
81505 
81575 
81435 
94915 
81575 
88001 
82065 
81436 
81506 
81436 
81505 
81296 
89398 
81575 
81435 
90236 
81435 
81575 
81506 
81576 
81645 
95753 
81366 
81506 
81365 
81645 
81645 
81575 
81645 
91563 
81435 
81436 
82204 
91632 
81715 
82204 
81505 
81435 
81436 
81505 
81505 
81506 
85905 
81435 
82204 
83182 
84649 
91283 
82902 
83042 
82973 
83042 
83321 
97639 
83741 
88699 
84300 
84369 
83391 
83251 
83741 
84439 
94845 
83531 
92471 
91563 
87302 
84788 
87581 
90794 
88280 
87302 
86115 
85835 
87023 
86743 
96522 
82483 
82483 
82553 
82693 
82832 
90864 
82553 
82833 
91912 
82763 
82973 
82623 
82692 
82832 
83112 
82902 
82902 
84019 
85068 
85137 
85068 
102318 
85068 
85068 
84858 
84928 
84998 
85138 
84998 
84997 
85067 
93798 
85626 
84928 
97709 
85626 
84927 
85137 
85207 
85067 
85067 
85067 
85207 
107487 
93868 
85068 
85067 
84857 
93031 
89887 
96451 
91493 
89398 
89956 
93728 
96731 
204707 
88699 
92191 
90725 
100013 
91213 
89258 
85975 
84998 
84719 
88839 
85556 
86884 
86813 
86883 
86953 
86674 
86744 
86604 
86883 
86953 
86883 
86743 
86744 
87023 
86674 
86604 
86884 
90515 
87093 
91562 
94356 
86325 
86325 
86324 
86255 
86394 
86325 
88420 
88420 
87442 
88140 
88839 
86744 
86115 
86255 
86115 
88839 
95543 
86185 
86115 
85976 
88630 
86115 
85836 
85905 
85905 
85906 
85835 
86534 
85975 
87512 
88769 
88839 
88909 
35409 
88699 
97359 
107556 
88909 
88630 
88700 
88700 
88769 
88770 
88839 
88769 
88629 
88769 
88769 
88769 
88769 
88699 
88839 
88909 
88769 
88630 
88699 
88909 
88838 
88769 
88839 
88909 
88699 
88769 
88490 
88699 
88769 
88839 
88839 
88839 
97989 
69982 
80598 
63975 
88629 
88839 
88838 
88629 
88769 
89398 
95824 
98896 
90445 
90515 
90585 
90515 
90445 
90445 
98127 
90375 
90375 
90305 
97290 
90515 
90305 
90515 
90445 
90445 
99246 
90585 
90515 
93658 
90445 
90515 
90515 
90515 
93867 
90655 
90515 
90375 
90375 
113284 
90375 
90585 
90445 
90516 
90584 
90515 
90515 
90585 
90445 
90515 
90515 
90445 
99805 
90446 
90376 
90445 
90236 
90515 
91144 
92261 
92331 
92261 
92051 
101551 
92052 
92262 
92192 
92121 
92191 
93099 
92331 
91981 
91982 
116357 
92261 
92261 
92331 
92121 
101411 
92262 
92261 
92121 
92261 
92262 
92121 
92261 
92191 
92261 
92121 
92261 
92121 
105601 
92052 
92052 
92262 
92261 
92960 
92261 
92261 
92121 
92052 
92261 
92331 
92122 
92261 
92191 
92122 
92191 
102179 
97430 
94356 
94356 
94286 
113493 
94286 
103645 
94286 
107487 
94357 
102039 
97988 
102597 
94915 
102039 
100433 
33594 
94566 
94217 
94217 
94287 
101550 
97360 
94286 
103925 
94356 
94356 
94287 
94216 
94217 
94147 
94217 
94216 
94287 
103855 
100852 
94286 
94286 
94217 
94566 
98338 
100363 
35479 
94636 
94287 
94286 
94356 
94357 
94286 
104414 
95893 
95893 
96172 
96032 
109372 
96103 
96032 
96033 
95893 
96032 
96033 
95963 
96102 
96032 
96033 
95963 
96591 
96033 
109442 
96032 
96032 
96103 
96102 
96032 
96103 
95823 
96033 
95963 
96102 
96102 
96102 
96033 
98547 
98616 
96172 
100502 
97639 
96033 
96103 
96033 
96102 
96103 
96103 
96033 
96102 
95963 
96173 
105880 
96103 
110070 
97709 
97779 
97779 
97849 
97778 
105042 
103017 
38203 
64254 
36038 
97918 
54686 
54686 
97779 
97709 
97708 
97709 
97709 
97639 
97778 
107836 
99036 
97989 
97639 
97639 
97709 
97569 
97569 
97709 
97779 
97848 
106928 
98547 
97918 
97848 
97918 
97778 
97779 
97709 
110490 
97709 
97779 
97778 
106159 
97919 
97848 
97918 
99525 
97919 
98686 
107696 
99874 
99874 
99804 
99804 
99804 
99735 
99874 
99804 
99735 
99804 
99874 
99804 
99874 
99804 
99804 
99734 
99943 
99874 
99874 
99874 
99804 
99943 
119779 
99874 
99804 
99804 
99873 
99735 
99804 
99734 
99874 
99874 
99804 
99874 
100084 
99874 
99874 
99804 
99734 
99944 
99874 
99944 
99665 
99734 
99734 
99664 
99734 
99734 
78852 
73963 
110909 
101341 
140172 
101201 
101271 
101410 
101620 
101550 
101550 
101690 
101550 
101829 
101689 
101829 
101620 
215043 
101620 
101690 
101689 
101830 
108465 
109931 
102808 
103157 
101480 
101410 
101411 
101760 
101550 
101550 
110769 
101899 
101900 
101689 
101550 
101900 
101760 
101829 
101481 
101620 
101620 
101689 
102458 
35829 
101481 
101410 
75359 
101830 
112026 
66629 
73893 
73893 
73963 
104554 
103366 
94007 
106369 
103715 
109232 
45676 
51404 
48331 
47423 
48610 
48191 
48470 
112585 
61391 
59086 
40229 
35898 
42603 
113144 
103157 
101760 
35690 
102737 
102737 
82832 
82902 
103156 
89118 
104903 
103157 
108395 
104553 
104204 
105112 
103436 
117544 
103086 
117404 
105042 
103157 
103157 
103576 
104134 
103366 
117475 
105321 
105322 
105322 
105671 
105601 
105810 
105741 
105531 
105810 
105601 
105670 
105462 
114261 
105671 
105461 
105600 
105950 
105601 
105811 
105670 
114890 
105741 
105531 
123131 
105461 
105880 
105741 
105531 
105880 
105531 
105392 
106439 
105601 
105950 
105810 
105601 
113144 
105810 
105741 
119569 
105671 
105811 
105461 
105601 
105810 
105601 
118102 
105531 
105531 
118592 
107557 
107277 
107277 
114959 
107626 
37924 
37715 
60344 
42324 
41975 
107417 
59924 
95055 
107487 
92889 
108045 
92610 
107696 
107557 
107976 
107836 
107836 
109722 
107487 
116078 
107416 
107696 
107696 
107557 
107557 
107416 
115030 
107626 
107697 
107766 
107627 
107556 
116566 
107627 
107487 
107627 
107487 
107417 
107416 
107557 
107347 
107557 
107696 
108255 
108394 
110140 
109443 
109442 
109372 
109372 
109372 
109582 
109652 
109373 
109512 
109443 
109512 
109373 
119290 
109372 
109442 
109442 
109652 
109721 
110211 
109582 
109582 
109443 
109722 
109652 
109512 
109582 
118452 
109861 
109931 
109442 
109442 
109931 
110420 
109931 
109651 
109512 
109722 
109512 
109652 
109512 
109443 
109722 
109791 
119150 
109512 
109373 
109652 
109372 
110699 
111956 
112515 
112516 
111677 
111607 
111887 
111747 
111677 
111607 
111677 
125087 
111608 
111957 
111886 
112026 
111817 
111747 
121176 
111747 
112935 
112166 
144224 
111747 
111677 
124039 
111607 
111678 
120617 
112306 
111677 
111607 
112865 
119430 
39461 
111747 
39321 
39321 
43861 
111678 
43861 
71169 
76896 
72146 
71727 
90305 
90934 
111678 
111887 
111887 
112725 
112655 
117264 
112445 
112585 
118452 
120128 
41975 
41416 
41207 
41347 
44070 
112306 
39740 
46375 
112934 
115169 
63068 
112795 
112306 
113213 
112655 
112306 
113004 
112375 
112655 
127392 
112376 
112446 
112376 
112864 
120687 
112864 
112375 
112795 
112445 
112655 
112515 
113284 
112446 
112655 
112655 
112446 
112655 
112585 
112934 
112795 
212878 
112516 
110420 
110490 
110350 
110351 
113353 
114471 
119290 
110420 
110420 
110420 
110351 
113144 
110350 
110211 
110140 
110350 
110630 
110909 
110141 
110211 
110001 
111049 
110630 
110420 
110420 
110909 
121246 
110769 
110280 
110560 
111188 
110489 
110629 
110560 
110419 
110420 
110560 
110559 
111049 
110350 
119290 
110630 
119849 
110630 
110490 
123341 
110490 
110560 
110490 
110560 
108604 
108394 
108324 
108534 
128020 
109024 
108604 
108464 
109233 
108534 
118312 
109792 
108604 
116217 
108604 
118592 
108604 
118242 
108534 
108395 
109652 
108395 
108883 
117405 
108465 
108394 
109093 
109303 
108464 
108814 
108324 
121665 
108325 
108744 
108255 
108604 
109303 
108674 
109233 
108814 
108605 
108464 
108534 
108604 
108465 
108604 
108604 
108534 
108185 
108604 
105880 
105671 
105741 
105950 
105950 
106020 
105810 
105810 
105671 
105671 
105811 
106439 
106509 
105950 
106509 
106090 
105741 
106648 
106508 
115868 
105740 
105950 
105740 
105880 
106300 
105950 
106020 
105951 
107766 
106230 
106299 
105810 
107416 
107137 
106230 
105601 
105601 
105950 
105950 
105740 
111188 
105811 
105950 
105811 
105880 
105741 
105740 
105671 
105810 
105671 
103995 
104903 
104205 
107068 
105741 
104134 
105531 
110769 
118033 
103506 
124598 
104204 
103576 
103646 
110350 
38344 
104064 
36877 
103785 
107207 
36946 
89677 
36317 
36807 
50007 
104484 
108954 
36597 
36318 
36388 
37295 
36388 
36388 
36388 
37226 
36388 
103854 
36388 
83392 
36597 
36387 
103576 
88001 
89118 
89188 
103855 
103645 
118521 
103785 
105251 
101900 
101830 
115729 
101620 
103086 
102179 
102039 
102039 
101760 
101899 
323437 
35898 
78852 
101969 
102039 
111397 
87023 
103715 
101829 
101690 
101620 
103436 
101899 
101829 
101760 
101899 
101690 
101899 
108604 
101969 
101829 
101830 
101969 
101899 
105671 
102039 
101690 
101829 
101620 
101760 
102597 
101899 
101829 
101829 
101969 
101830 
102318 
102459 
101620 
101899 
128370 
100363 
99943 
99804 
100084 
99735 
99874 
112795 
100642 
99943 
100014 
100432 
100013 
99804 
99943 
99734 
100154 
35200 
64254 
64045 
100223 
99734 
87931 
99804 
100712 
99664 
99664 
118313 
100643 
103087 
112236 
99804 
113564 
99804 
99874 
99664 
99874 
108255 
99874 
100223 
99734 
100083 
100223 
99804 
118592 
100224 
99734 
99734 
103715 
109792 
98058 
97919 
97918 
98407 
98058 
97778 
98547 
97849 
97848 
97849 
97988 
97989 
98337 
98128 
97988 
98058 
106230 
98617 
97918 
98058 
97848 
103924 
98616 
106090 
78851 
84578 
107137 
84508 
98197 
98128 
97919 
97918 
98547 
97989 
97919 
97988 
98338 
98058 
99734 
111328 
97919 
97849 
97918 
99385 
98058 
97988 
98617 
97988 
98127 
97849 
96172 
96103 
95963 
95963 
96102 
104623 
96451 
96102 
96032 
106370 
96103 
96102 
96102 
96173 
96312 
96661 
96172 
95963 
96521 
104693 
96661 
96522 
106509 
99175 
96661 
131372 
96242 
96103 
95893 
95893 
95962 
95962 
95962 
95893 
95963 
95963 
96033 
96032 
95963 
106090 
95893 
96033 
104623 
96801 
96032 
115588 
95892 
105112 
96033 
99804 
96871 
95544 
94496 
94357 
94566 
94147 
94286 
94147 
94566 
102668 
94217 
94706 
97569 
94845 
107626 
94147 
98407 
94077 
94356 
94147 
94845 
100573 
99245 
98547 
94426 
94216 
33314 
94147 
33245 
94706 
33245 
52731 
33245 
94706 
94147 
33175 
33245 
35480 
33454 
94566 
103156 
94147 
81156 
94147 
94007 
94077 
94635 
102807 
94007 
98407 
92400 
92401 
105881 
92261 
92540 
92401 
92680 
92400 
92191 
92261 
101201 
92820 
92191 
92401 
92960 
92261 
92889 
92331 
92191 
101901 
98826 
92331 
92331 
92331 
92262 
92261 
92331 
92261 
92820 
92331 
92191 
92191 
92261 
185710 
92261 
96032 
92681 
102737 
108744 
92820 
92052 
92121 
96102 
91773 
100293 
106159 
92401 
100782 
92052 
92052 
95055 
95893 
89816 
89886 
100432 
90794 
89746 
94985 
98477 
94566 
96172 
91423 
105741 
94775 
89538 
89537 
95753 
89467 
89747 
94705 
30870 
30870 
30870 
30730 
30731 
30591 
30800 
30731 
30591 
30590 
32128 
30940 
31010 
35060 
37505 
36318 
89747 
34222 
34223 
56851 
56851 
56782 
89258 
71658 
71658 
76826 
76826 
76756 
89328 
94147 
87792 
87652 
94635 
87582 
88001 
87581 
87581 
87792 
87581 
87512 
87651 
99315 
87791 
87652 
87721 
87721 
88350 
89957 
96731 
87791 
87862 
87931 
87861 
87931 
87931 
87791 
87861 
88560 
88001 
106858 
88490 
88001 
87931 
88140 
88210 
88280 
88281 
106229 
88909 
88281 
88350 
88489 
99106 
88560 
88489 
88630 
91213 
99246 
92540 
88909 
86883 
88839 
89467 
86743 
90096 
90027 
86954 
86744 
86743 
86883 
86883 
86604 
86674 
87442 
86744 
86883 
86744 
86883 
86813 
86604 
87233 
86813 
86884 
97150 
86813 
88071 
91004 
91981 
86953 
86814 
86744 
87302 
89818 
86744 
96662 
86883 
86883 
96383 
86673 
86673 
87023 
87302 
86814 
87372 
95195 
88140 
87233 
87372 
86464 
86534 
84858 
84788 
84648 
84719 
84858 
84928 
85137 
84928 
84928 
85067 
85137 
85137 
85068 
85067 
85137 
84998 
85067 
84928 
84998 
85487 
84997 
85067 
85416 
85137 
84998 
85137 
85068 
85137 
93588 
85067 
85137 
100013 
85696 
100851 
85137 
84998 
85486 
85137 
85138 
96382 
90585 
85137 
85067 
85207 
87093 
89957 
99455 
85417 
85557 
85137 
83391 
83322 
83322 
83321 
83251 
98896 
83811 
102877 
83392 
83391 
83322 
83251 
83321 
87232 
83391 
83182 
83252 
83182 
83321 
83321 
83391 
83322 
83531 
83321 
83182 
83391 
83950 
83321 
83391 
98198 
83251 
83182 
83251 
83182 
83182 
83182 
83252 
83181 
83181 
101829 
83461 
83601 
83251 
83880 
83740 
83321 
93239 
83950 
84019 
83392 
81575 
81506 
81506 
81715 
81645 
81645 
81576 
81575 
81925 
81505 
81506 
90375 
81575 
81645 
81715 
81645 
81575 
81575 
81575 
81505 
82203 
81784 
81645 
81505 
81575 
81785 
81645 
81505 
81646 
81575 
81575 
81645 
90027 
81645 
81715 
82274 
81715 
81645 
81645 
82134 
81645 
81715 
81645 
81575 
81645 
81645 
96033 
81575 
81855 
81645 
79410 
80248 
79270 
80109 
79270 
79200 
79480 
79341 
79271 
79271 
79410 
79340 
79480 
94147 
79900 
79340 
79410 
79829 
79341 
79830 
79340 
79410 
79550 
79410 
79410 
79829 
79759 
79410 
79969 
79271 
83252 
79410 
79411 
79480 
79340 
79410 
79411 
79410 
79480 
79410 
79410 
79270 
82064 
80598 
79340 
79411 
79340 
79200 
79130 
79410 
78223 
77804 
80528 
77665 
78153 
77734 
91074 
77804 
77665 
78153 
77734 
77804 
77594 
77734 
77734 
77734 
77734 
77874 
77664 
81086 
78014 
78223 
77525 
77594 
77944 
77455 
77315 
77384 
77385 
84438 
78991 
79620 
82413 
77176 
77385 
77035 
77246 
77245 
77106 
76896 
77036 
76965 
76896 
77036 
77734 
77036 
76826 
76896 
77036 
77874 
77315 
76407 
76058 
75639 
75080 
75639 
75010 
75010 
75010 
75359 
75150 
75848 
75220 
75080 
84439 
75709 
75080 
75150 
75638 
75709 
76896 
75080 
75429 
75080 
75080 
75220 
75149 
75080 
75150 
75150 
75080 
91423 
75080 
75150 
75569 
84020 
75289 
84578 
75359 
75360 
88770 
75429 
84439 
75987 
75429 
75429 
75499 
84020 
75429 
75499 
73962 
73822 
95753 
73893 
74032 
73963 
74172 
74102 
74172 
74172 
74102 
74312 
74172 
74032 
74591 
74102 
74312 
74312 
74172 
74312 
74521 
74172 
74382 
75500 
74661 
74312 
78363 
74382 
74382 
74172 
74312 
75429 
74521 
74800 
74312 
30172 
74591 
74381 
74172 
74451 
74103 
74172 
74172 
74103 
74103 
74103 
74172 
74591 
77524 
74172 
72776 
73124 
73264 
73334 
72566 
72636 
72635 
72566 
72776 
73195 
81784 
72566 
72845 
73334 
72775 
72915 
82414 
72845 
76198 
72775 
72636 
72915 
73334 
76547 
72775 
86115 
72775 
72706 
72775 
72776 
72566 
72775 
91283 
72705 
72636 
72706 
73334 
73055 
73404 
73473 
73124 
76826 
366671 
74311 
75709 
72915 
72705 
72496 
72706 
72495 
71518 
71099 
71309 
71448 
71099 
71379 
71169 
84719 
84369 
93448 
71588 
71169 
81226 
71238 
71030 
71029 
71309 
71309 
71169 
71099 
71378 
81156 
71797 
71169 
71099 
71169 
71169 
71029 
71378 
71099 
74033 
73474 
62928 
25423 
71169 
25493 
25492 
71239 
85766 
71238 
71029 
71728 
71099 
71099 
70959 
71379 
71867 
71308 
71798 
71309 
69283 
69004 
69213 
84718 
69143 
68934 
69353 
69283 
69073 
68934 
69353 
68934 
69214 
69004 
69492 
69143 
68934 
69003 
69143 
69073 
69283 
69074 
69003 
68934 
68794 
69004 
69353 
69004 
69213 
69143 
69074 
68864 
69214 
68864 
68934 
69004 
69283 
69144 
69423 
69004 
68864 
68934 
68864 
69283 
69284 
69423 
69214 
69213 
68934 
68795 
67537 
67816 
67398 
67467 
67327 
76616 
67676 
67537 
68236 
67397 
67607 
67677 
67467 
67327 
67397 
67677 
67607 
67467 
67677 
67537 
67467 
67467 
67397 
67258 
67887 
67607 
68655 
67607 
67537 
67607 
67467 
67468 
67257 
67328 
68445 
67746 
67328 
67676 
67747 
67537 
75988 
67537 
67328 
67397 
68166 
86884 
67397 
67468 
67676 
67467 
65721 
65581 
65302 
65372 
65302 
65302 
65442 
65372 
65303 
65372 
65721 
65372 
65442 
68375 
65791 
65372 
65233 
65651 
65302 
65162 
65372 
65093 
65441 
67956 
67537 
69981 
69003 
68096 
65581 
67886 
65023 
65023 
85277 
65023 
69353 
70261 
65442 
64673 
65023 
65302 
64813 
65442 
65092 
64534 
64464 
64883 
64813 
65093 
64883 
73963 
63416 
63626 
63276 
62998 
64673 
66699 
67537 
67467 
63696 
63696 
64394 
63347 
63556 
63626 
65512 
63626 
64813 
63346 
64254 
66839 
65442 
65372 
65093 
65512 
65022 
65233 
63905 
66071 
66001 
63137 
63766 
66419 
63696 
62858 
62998 
62997 
63067 
65861 
63346 
64464 
63067 
63695 
63416 
64045 
66071 
63836 
63067 
63976 
63556 
65721 
65652 
65791 
75988 
65721 
66978 
65721 
22489 
22280 
24584 
23466 
23816 
23118 
22210 
22978 
27168 
26470 
66070 
65581 
63417 
61950 
23187 
21372 
21232 
24025 
23886 
23886 
30241 
31499 
37785 
35689 
40438 
39391 
44000 
44000 
52033 
62020 
52940 
53010 
53010 
61740 
64045 
61810 
75011 
61811 
65931 
65930 
64674 
22698 
23117 
22699 
22838 
23886 
24654 
23467 
22349 
22629 
22699 
22279 
21511 
22000 
21581 
21721 
21861 
45955 
21790 
22001 
30381 
22559 
23816 
25073 
23397 
27169 
24025 
25213 
23816 
33874 
22768 
25004 
24025 
24165 
22489 
24305 
23816 
32127 
26819 
25772 
60692 
26750 
24724 
20883 
20813 
29473 
48540 
29334 
59855 
60902 
59924 
59994 
59994 
59994 
58248 
58039 
58039 
58108 
58179 
58109 
58248 
58039 
58318 
58108 
58109 
58457 
88490 
58248 
58597 
58318 
58598 
76547 
20534 
58318 
43930 
31219 
58318 
41975 
59156 
59017 
58667 
68375 
59017 
179424 
58877 
59086 
-999940913 
59017 
58807 
58807 
59086 
59365 
58807 
59156 
68935 
59016 
58877 
58667 
59295 
68724 
59156 
58877 
58877 
59296 
60972 
57899 
63486 
57690 
58807 
57549 
57410 
57410 
57549 
57340 
57410 
57620 
57620 
57690 
57549 
57620 
57480 
57829 
57759 
69562 
57689 
57620 
57550 
57340 
57829 
57410 
57340 
57480 
58597 
59785 
57690 
57410 
57759 
57619 
57410 
57549 
57480 
57340 
58108 
57340 
57410 
57410 
66769 
57340 
59366 
57340 
57410 
57340 
57759 
57340 
55944 
55874 
56223 
56571 
56153 
56153 
58038 
56293 
69772 
56152 
55943 
55943 
55944 
55874 
56781 
55874 
55943 
56223 
58109 
20185 
21372 
20184 
64744 
31639 
56153 
56083 
55943 
55944 
56223 
56502 
56712 
56502 
56083 
56083 
56782 
56851 
56223 
56153 
56013 
56013 
55874 
57200 
56083 
56083 
55943 
55804 
55873 
55944 
55874 
55943 
54616 
54406 
54477 
54477 
54616 
54756 
54686 
54965 
54616 
54547 
54407 
54826 
55245 
54546 
54686 
54686 
54826 
54617 
54756 
55105 
54686 
56292 
54616 
54617 
54477 
54896 
54826 
54477 
55105 
54826 
54546 
54616 
54546 
54617 
54546 
54476 
54407 
54826 
54826 
54546 
54476 
54826 
55175 
54616 
54616 
77735 
54617 
54407 
54756 
54686 
53429 
53429 
53709 
61740 
53219 
53219 
53568 
55943 
53150 
53220 
53499 
53429 
53220 
53010 
53150 
53150 
53849 
53499 
53429 
53429 
53220 
53359 
53429 
53499 
53219 
53429 
53289 
66769 
53149 
53429 
53080 
53220 
53360 
53429 
53429 
53150 
53010 
53778 
53220 
53149 
53429 
53150 
53499 
53359 
53220 
53429 
53220 
53080 
53429 
53359 
51682 
51543 
51614 
51962 
51334 
51473 
51264 
51404 
51264 
51334 
51753 
51543 
51683 
51613 
51753 
51543 
51473 
51543 
51474 
51892 
61042 
51893 
51753 
51613 
51404 
51892 
51683 
51334 
51683 
51334 
51613 
51613 
51753 
51474 
51334 
51473 
51823 
51334 
51543 
51473 
51543 
51892 
51613 
51683 
51613 
51683 
51543 
51683 
52172 
51613 
50146 
50216 
50077 
50077 
50007 
49867 
50007 
50217 
50216 
50147 
50286 
50216 
50077 
50426 
50147 
50146 
50636 
50146 
50076 
50286 
50775 
59715 
50286 
50356 
50077 
50007 
50217 
50147 
50147 
50077 
50007 
49937 
50356 
50217 
50146 
50076 
50147 
50216 
50146 
50146 
58458 
50147 
50076 
50076 
50077 
50007 
50147 
50006 
21582 
50217 
48820 
48820 
48960 
49029 
48889 
49518 
48820 
48889 
48679 
48959 
48750 
48959 
48820 
48889 
48959 
48610 
49099 
48819 
49448 
48750 
49099 
51264 
48959 
49238 
51404 
51264 
18438 
20044 
19346 
18439 
18508 
19905 
20324 
17460 
20534 
25492 
22140 
48260 
26121 
34781 
34432 
36039 
48889 
43930 
48121 
41765 
48331 
48540 
48191 
48610 
46584 
55944 
48051 
46724 
46514 
46514 
46864 
46655 
46584 
46934 
46654 
46724 
47004 
46864 
47003 
58109 
47492 
47283 
50635 
47143 
47073 
47143 
46864 
46724 
46864 
47074 
47213 
19136 
47004 
46864 
47353 
46864 
47004 
46933 
47214 
47004 
46864 
47213 
47422 
47562 
47213 
47144 
55455 
49867 
47842 
54756 
23048 
21930 
43582 
17600 
16273 
45537 
45467 
45398 
48191 
45537 
45537 
45607 
45747 
60065 
45676 
54407 
45747 
45816 
45746 
45886 
45606 
45746 
45676 
45607 
48121 
45956 
45746 
45747 
45746 
45746 
45816 
50146 
45747 
46235 
46165 
46096 
56153 
46165 
45747 
45747 
45747 
46235 
45676 
45536 
54477 
45746 
45747 
45606 
45817 
45747 
45746 
45677 
45816 
45746 
44699 
44349 
44280 
44838 
44489 
44489 
44419 
46655 
44559 
44559 
44420 
44559 
46794 
44559 
44559 
44769 
44560 
66768 
58109 
44559 
47562 
44489 
83042 
44838 
44559 
44350 
44419 
44350 
44559 
44838 
44420 
44489 
44489 
44559 
44350 
44280 
44419 
44698 
44419 
44419 
44629 
44559 
44489 
44768 
44350 
44489 
44420 
44560 
44350 
46864 
18997 
43302 
43232 
43162 
43582 
43233 
43302 
43162 
43022 
42952 
43023 
43023 
43022 
43162 
43162 
43092 
43093 
43093 
43093 
43092 
43162 
43162 
43092 
43092 
43512 
43023 
42952 
42743 
57270 
43022 
43093 
61879 
43442 
43511 
43232 
43511 
43582 
43442 
43582 
43232 
43511 
43232 
43162 
43162 
43232 
43163 
43162 
43092 
43232 
43302 
41905 
41975 
41975 
50915 
41906 
42254 
42464 
41765 
41766 
42324 
41836 
42045 
41905 
42324 
41835 
41765 
41975 
41836 
42045 
41975 
41835 
41765 
41835 
41905 
42604 
42184 
41765 
41905 
41766 
41765 
41696 
41975 
42185 
41765 
41975 
41905 
41905 
42254 
41835 
41975 
42185 
56153 
42045 
42044 
41836 
41906 
41906 
41765 
41975 
41766 
40788 
40997 
40718 
40647 
40928 
40648 
40788 
40648 
40717 
40788 
40717 
40648 
40997 
40648 
40858 
40648 
40928 
40648 
42603 
40579 
40578 
40648 
40578 
40787 
40718 
42044 
40788 
42813 
41137 
40788 
40648 
40578 
40648 
40788 
40717 
41276 
40648 
40718 
40858 
54687 
40997 
41067 
40857 
40508 
40578 
40927 
40509 
40718 
40997 
40508 
43372 
39600 
39950 
39879 
39810 
41905 
41975 
40369 
48261 
39460 
39391 
39461 
39391 
39391 
39321 
39321 
39461 
39391 
39390 
39460 
39391 
39600 
41067 
39600 
39879 
39810 
39391 
39461 
39531 
39531 
39531 
39531 
39460 
39740 
39600 
39600 
39600 
39460 
39601 
39531 
39670 
39601 
39809 
39460 
39600 
39321 
39601 
39391 
39391 
40648 
36667 
39041 
36597 
37016 
36667 
36597 
37017 
36737 
36737 
36737 
37435 
36667 
36597 
36597 
36667 
36667 
36527 
36667 
36807 
36877 
45258 
36667 
36458 
36388 
36458 
36387 
38134 
38343 
38273 
38203 
38692 
45607 
14178 
37086 
36666 
23956 
23956 
43302 
36667 
36667 
36667 
36458 
36597 
37016 
36737 
36597 
36597 
36807 
36667 
36737 
35550 
35410 
35899 
35620 
35550 
35619 
35479 
48680 
35340 
35759 
35340 
35270 
35550 
35619 
35410 
35479 
35829 
35480 
35690 
35479 
35549 
35689 
35340 
35550 
35899 
35479 
35480 
35550 
35410 
35550 
35620 
35480 
35620 
35899 
35340 
35410 
35340 
35340 
35409 
36457 
35829 
35340 
35479 
35549 
35549 
35410 
35410 
35689 
35480 
35759 
34292 
34223 
34222 
34222 
34711 
34362 
35061 
34921 
34712 
34292 
34502 
34293 
34362 
34222 
34502 
34781 
34362 
34642 
34362 
34502 
36388 
34572 
34362 
34292 
34641 
34292 
34781 
34781 
34501 
34362 
34223 
34223 
34292 
34223 
34572 
34292 
34432 
34432 
34293 
35061 
34362 
34293 
35060 
34501 
34432 
34572 
34502 
34432 
34293 
34292 
33175 
33175 
33035 
33175 
33174 
33105 
33175 
33175 
33175 
33175 
33943 
33105 
33385 
33664 
33315 
33384 
35620 
36876 
33524 
33245 
33245 
33105 
33664 
33384 
33385 
33315 
33385 
33175 
33315 
33384 
33314 
33385 
43162 
33245 
33315 
33384 
35270 
33385 
33245 
33943 
33175 
33874 
33314 
33035 
33384 
33384 
33314 
43372 
33315 
33315 
32406 
32616 
32407 
32197 
32197 
31918 
40159 
31987 
32057 
31988 
32197 
32336 
32406 
32058 
32756 
33384 
32336 
32197 
32127 
32406 
34013 
32336 
32127 
32197 
32337 
32267 
32197 
31987 
31918 
32197 
32477 
31987 
31987 
32058 
31988 
32197 
32197 
31987 
32128 
32267 
32197 
32197 
33664 
32267 
31988 
32058 
32407 
32127 
32197 
32127 
31289 
31150 
34642 
32895 
31149 
31150 
31080 
31429 
31429 
30940 
31010 
31010 
31429 
32826 
33035 
31149 
31150 
31149 
31010 
31219 
31639 
31219 
31429 
31150 
31220 
31219 
31080 
31149 
31219 
31080 
31219 
31080 
31359 
31219 
31149 
31220 
30870 
31918 
31918 
31219 
33245 
31150 
31220 
31080 
31079 
31010 
31359 
31289 
31220 
41137 
30172 
30102 
30102 
30242 
29962 
29962 
30591 
29962 
30241 
44210 
30311 
30032 
30661 
29962 
29893 
29893 
29892 
29893 
29892 
30311 
29892 
29893 
29963 
29962 
29823 
29962 
29962 
29893 
33105 
32546 
32477 
33105 
13550 
14667 
12781 
12502 
12292 
29962 
29892 
11245 
11035 
29893 
11035 
29893 
30172 
29962 
29892 
29963 
30241 
30032 
29055 
28914 
10825 
29054 
29054 
10895 
28984 
37575 
28915 
28844 
28914 
10826 
28915 
29194 
29194 
29055 
38413 
28914 
28985 
28915 
28845 
28914 
28915 
28985 
28844 
28915 
29124 
29124 
29124 
29124 
29054 
29403 
28984 
29194 
29124 
28984 
28984 
29054 
29124 
29054 
29333 
37575 
29054 
28914 
29405 
29264 
29124 
29054 
29124 
28984 
28216 
27867 
28076 
28146 
35619 
28006 
28146 
28147 
28077 
28077 
28006 
27867 
28076 
28426 
28146 
28146 
28076 
28147 
28007 
27937 
28007 
27937 
27937 
28705 
28426 
28077 
28356 
28006 
28146 
28077 
29544 
28146 
28077 
28496 
28566 
28007 
28076 
28077 
28077 
28147 
28007 
28146 
28146 
28146 
28007 
28356 
28216 
28077 
28076 
28076 
27308 
27238 
27378 
27238 
28495 
27168 
27517 
27098 
27099 
26959 
27029 
27239 
27099 
27238 
27239 
27238 
27378 
27029 
27238 
26959 
27378 
10197 
27308 
27378 
23606 
27029 
23606 
27308 
30032 
23537 
27099 
37994 
23397 
27238 
27238 
27239 
27029 
27029 
26889 
27239 
27447 
26959 
27308 
27029 
26959 
26959 
27238 
27099 
26959 
26889 
25771 
25772 
26330 
25842 
25632 
26610 
25772 
25772 
25702 
26051 
26261 
26121 
26121 
26190 
25772 
25772 
25772 
26330 
25771 
26120 
27447 
26959 
25841 
25981 
25981 
25702 
26470 
26261 
25981 
25982 
25632 
25702 
25702 
25981 
44001 
25701 
25981 
27239 
25912 
25632 
26051 
26051 
26260 
26190 
26331 
25841 
26051 
25701 
9638 
25842 
21651 
21441 
25912 
25073 
24724 
25143 
24724 
24654 
25073 
24793 
24933 
25004 
25073 
24724 
24654 
24794 
24724 
24724 
32406 
24933 
24654 
24724 
24585 
24654 
24584 
24584 
24794 
24794 
25213 
42953 
25213 
25074 
24864 
24934 
24864 
24724 
25073 
25702 
24934 
24863 
24934 
24794 
24794 
25004 
25004 
24934 
24864 
25004 
24794 
24655 
24235 
33315 
24166 
24235 
24025 
24236 
24166 
23956 
24444 
24165 
24724 
9150 
23956 
37575 
24165 
23956 
20743 
23816 
23956 
24166 
23816 
24165 
23816 
24375 
24235 
23886 
23816 
23886 
23886 
24026 
24445 
23956 
24166 
23886 
23817 
23956 
23956 
24235 
23956 
23816 
24165 
23816 
24096 
24165 
24165 
24235 
23886 
23956 
23816 
24096 
23397 
22978 
23048 
23048 
23956 
23048 
22908 
23886 
23117 
23257 
23327 
23187 
22978 
22978 
22908 
23327 
23048 
23327 
23048 
23048 
23257 
22978 
23257 
22978 
22978 
23327 
23048 
23048 
23257 
23117 
22978 
23257 
22978 
24724 
24375 
39810 
23816 
23467 
23257 
23187 
20603 
22838 
23536 
23188 
23328 
22978 
23327 
22978 
23397 
23118 
22280 
22350 
22140 
22070 
22350 
22350 
22210 
22140 
22349 
22210 
22070 
22838 
22489 
22349 
22280 
22070 
22349 
22628 
22349 
22279 
22210 
22000 
23328 
22000 
21930 
22140 
22350 
22000 
22350 
22070 
22140 
22000 
23676 
23536 
22210 
23187 
22071 
22140 
22210 
21861 
21791 
22279 
22000 
23956 
22070 
21931 
22559 
22489 
22279 
22000 
22978 
21162 
21372 
21163 
22489 
21022 
21860 
21441 
8171 
21092 
8102 
21092 
21511 
12432 
21302 
21371 
21092 
22420 
21371 
21302 
21093 
21302 
21372 
21162 
21162 
21232 
21511 
21232 
21581 
21371 
21162 
21093 
21092 
21023 
21023 
21651 
21232 
21441 
22559 
21441 
21092 
8032 
21092 
29892 
21302 
21302 
21511 
21232 
8101 
8032 
20743 
20882 
20394 
20673 
20534 
20534 
20324 
20393 
21162 
20812 
20604 
20673 
20604 
20463 
20604 
20463 
20184 
20603 
20394 
20533 
20534 
20185 
20604 
20394 
20673 
20673 
20464 
20394 
20254 
20324 
30173 
21441 
20603 
20603 
20463 
20464 
20534 
20254 
20184 
20603 
30660 
20673 
22280 
20464 
20394 
20324 
20254 
20883 
20464 
20953 
19626 
19556 
19626 
19416 
19416 
20255 
20254 
19975 
19765 
19975 
19416 
19765 
19555 
19416 
19485 
19346 
19486 
19555 
19625 
19835 
19485 
19695 
19555 
19625 
19346 
19766 
19555 
19765 
19486 
20394 
19556 
20114 
19696 
19625 
19696 
19765 
21162 
19766 
19486 
19766 
19765 
19486 
19766 
29613 
19765 
19695 
19556 
20743 
19626 
19765 
18997 
18927 
18997 
18787 
18578 
19974 
19835 
18718 
18997 
18578 
18578 
18578 
18647 
18578 
18648 
18648 
18927 
18787 
18997 
18717 
18717 
18648 
18508 
18997 
18718 
18648 
18858 
18927 
18997 
18927 
18718 
18717 
19486 
18787 
18648 
18787 
18718 
18578 
18508 
18718 
18508 
18508 
18927 
18578 
18858 
18648 
19137 
18717 
18648 
18508 
18019 
17949 
18578 
17810 
18438 
17880 
18368 
17670 
17879 
17879 
17600 
17740 
18438 
17600 
17530 
17531 
17530 
17530 
17739 
17461 
18089 
17670 
17670 
26260 
17879 
17879 
17949 
17600 
18019 
17531 
17461 
17879 
17531 
17879 
17670 
18788 
17810 
17460 
18089 
17740 
17880 
27517 
17809 
17809 
18438 
17879 
17880 
18089 
17670 
17530 
17111 
26121 
17181 
16832 
16692 
25911 
16692 
16622 
16762 
16692 
17041 
17111 
16902 
17880 
20882 
18438 
17531 
8800 
8800 
8381 
7752 
8311 
9499 
18997 
17042 
9499 
9149 
11803 
8660 
6914 
6565 
6984 
6705 
8171 
7612 
8521 
6705 
6425 
6216 
6426 
6285 
6426 
7264 
6146 
6146 
21441 
16762 
16692 
16482 
14457 
13898 
15854 
15784 
13689 
13899 
15854 
16133 
15994 
15994 
16133 
15924 
16203 
16552 
16273 
16273 
16203 
15923 
15994 
16064 
25005 
15993 
15854 
15924 
15854 
16134 
16064 
28915 
16343 
15994 
16413 
16204 
16273 
16134 
16273 
16343 
16063 
16064 
17321 
16273 
20463 
16134 
16203 
15924 
16134 
16064 
16064 
15994 
16413 
16134 
16064 
15505 
15645 
15435 
15365 
15225 
15296 
15295 
15435 
15296 
15365 
15155 
15225 
15435 
15575 
15365 
15295 
15575 
15505 
15505 
15435 
16273 
15924 
16413 
16064 
15575 
15645 
15365 
15924 
15435 
16133 
15435 
15645 
15574 
15435 
15645 
15784 
15575 
15435 
16203 
16063 
16413 
6356 
6426 
6426 
14248 
6356 
6426 
6285 
6286 
6425 
5727 
14737 
14737 
14876 
15016 
14736 
14667 
14736 
14667 
14876 
14736 
15016 
15156 
14946 
14807 
14806 
14807 
14807 
15016 
14876 
15016 
15575 
5867 
14876 
14877 
27727 
14736 
14877 
15226 
14737 
14946 
14946 
6006 
14806 
14946 
14876 
14807 
14946 
33384 
14667 
15016 
14946 
14806 
14667 
14737 
14737 
14667 
14737 
15016 
14946 
13968 
14108 
14737 
14038 
13829 
14108 
14038 
14108 
13968 
13759 
14109 
14038 
13899 
14387 
13899 
13759 
14178 
14108 
13898 
14108 
13898 
13899 
14038 
13968 
13899 
13898 
13829 
13968 
13899 
14736 
14806 
13968 
14108 
14667 
13968 
13899 
14108 
14038 
13899 
14039 
26470 
13758 
13759 
14178 
14108 
13898 
13899 
13899 
14108 
13968 
13410 
13130 
13410 
13479 
13340 
13200 
13480 
26959 
13270 
13620 
13689 
13340 
13968 
13270 
13200 
13619 
13480 
13200 
13549 
13619 
13340 
13410 
13620 
13269 
13410 
13060 
13339 
13200 
13410 
14178 
13340 
13409 
13689 
13969 
13619 
13480 
13270 
13270 
13200 
13410 
13270 
13340 
13060 
13409 
13269 
13550 
13410 
13410 
13270 
13200 
12641 
12571 
13201 
12641 
12711 
12711 
13200 
12641 
12571 
12781 
12502 
12501 
12571 
12431 
12501 
12641 
12641 
12432 
12501 
12641 
12432 
12432 
12641 
12711 
12642 
13620 
13200 
13829 
13549 
13200 
12641 
13759 
12921 
12711 
12711 
14876 
12711 
12641 
13829 
12641 
13759 
14038 
12641 
12641 
13619 
13898 
14597 
12641 
12572 
12711 
13480 
11873 
11594 
11524 
11803 
11524 
11664 
12013 
11663 
11874 
11524 
11733 
11664 
11733 
11594 
11804 
11733 
11733 
11803 
11524 
11524 
11873 
11803 
11873 
12502 
11664 
11733 
11594 
11594 
11663 
11524 
11803 
11663 
11803 
11594 
11524 
11385 
11524 
11803 
11664 
11663 
12572 
11594 
11733 
11664 
11803 
11803 
11524 
11524 
11594 
10965 
10966 
11035 
10965 
11035 
11175 
11175 
11035 
11244 
11384 
12013 
11454 
11943 
11873 
11035 
10895 
10965 
10966 
10965 
12013 
10896 
12222 
10965 
11105 
11105 
11664 
10965 
10965 
12082 
12153 
11175 
11105 
11035 
10965 
11175 
10966 
12501 
11035 
11035 
11664 
11035 
11035 
10896 
10965 
10826 
10895 
11035 
11175 
11175 
11174 
10546 
11175 
10616 
10826 
10546 
10406 
10407 
10406 
10546 
10336 
10336 
10616 
10546 
10477 
10616 
10616 
10546 
10476 
10616 
10476 
11105 
10546 
11175 
10546 
10407 
10546 
10407 
10546 
10477 
10406 
10546 
10476 
10616 
10685 
10407 
10616 
10477 
11943 
10546 
10336 
10546 
10407 
10477 
10546 
10616 
10546 
11524 
11105 
10546 
10756 
10057 
9778 
9847 
9708 
9917 
9778 
9708 
9708 
9987 
9778 
9778 
9847 
9778 
9778 
9638 
9638 
9638 
9499 
9778 
9708 
9708 
9987 
9778 
9778 
9988 
9778 
9708 
9708 
9847 
9708 
9499 
9708 
9778 
9708 
9708 
9708 
9568 
10057 
9568 
9778 
9778 
9638 
9708 
9708 
9708 
9708 
9847 
9778 
9638 
9778 
9288 
9289 
9220 
9149 
10127 
10127 
4261 
4190 
10407 
3981 
9359 
9219 
8870 
8591 
9987 
10197 
9220 
8031 
9079 
9289 
9289 
9150 
9079 
9079 
9150 
9010 
9220 
9289 
9288 
9289 
9149 
9219 
9359 
9079 
9289 
9080 
9219 
9638 
9080 
9289 
9219 
9010 
9219 
9150 
9778 
9079 
9220 
9359 
9219 
9149 
8731 
8730 
8660 
8590 
8591 
8521 
8870 
8590 
8451 
8661 
8520 
8451 
8451 
9219 
8660 
9010 
8730 
8730 
8731 
8591 
8451 
8590 
8730 
8940 
8800 
8800 
8730 
8591 
8870 
8730 
8870 
22490 
8521 
8521 
9568 
8800 
8590 
8590 
8870 
8521 
8661 
8520 
8731 
22350 
8661 
8870 
8940 
8870 
8940 
8870 
8242 
8032 
7892 
7962 
7961 
8171 
8312 
8032 
8031 
9080 
7962 
9010 
7962 
8171 
8101 
8032 
7962 
8102 
8102 
8172 
8311 
8172 
8171 
8800 
8241 
8102 
8101 
8032 
8241 
8171 
8171 
8590 
8032 
8032 
9010 
8381 
8172 
8311 
8172 
8172 
8241 
8032 
8730 
8171 
8311 
8381 
8102 
7962 
8032 
9010 
7613 
7543 
7683 
3282 
3282 
7683 
7473 
7403 
7683 
8451 
7612 
7473 
7543 
7473 
7543 
7403 
7753 
7613 
7682 
7683 
7612 
7543 
7473 
7473 
7682 
7613 
7892 
7473 
7612 
7613 
7822 
7613 
7683 
7613 
7613 
7613 
8241 
7613 
7682 
7822 
8242 
7613 
8241 
7613 
7682 
7613 
7612 
7473 
7543 
7473 
7193 
7124 
7333 
7263 
7194 
7124 
7194 
7194 
7054 
7054 
7054 
7194 
7054 
6984 
6914 
6914 
7194 
7193 
6984 
7055 
7333 
7543 
7683 
7892 
7264 
7892 
8451 
7194 
7194 
7194 
7193 
7263 
6984 
7055 
7334 
7124 
7194 
7123 
7054 
7543 
7613 
7752 
3352 
3422 
3353 
3213 
3422 
3213 
3143 
3283 
2794 
2794 
6844 
2793 
7194 
3772 
6356 
6635 
6705 
6635 
6635 
6705 
6565 
6495 
6705 
6496 
6705 
6774 
6705 
6634 
6565 
6566 
6495 
6426 
6425 
6774 
6915 
6426 
6495 
6495 
6705 
6774 
6635 
6635 
6635 
6565 
6705 
6495 
6635 
6705 
6565 
6496 
6495 
7264 
6704 
6565 
6635 
6426 
6705 
6635 
6286 
6216 
6146 
6146 
6146 
6076 
6216 
6146 
15505 
6007 
6146 
6215 
6775 
6286 
6565 
5937 
6007 
6006 
6146 
6077 
5867 
5936 
5867 
6286 
6076 
6077 
6425 
6356 
6216 
6076 
6216 
6285 
6216 
6286 
6007 
6146 
6007 
6007 
6006 
6146 
5867 
6775 
6215 
6845 
6496 
6845 
6216 
6286 
6285 
6216 
5866 
5937 
5797 
5797 
5657 
6844 
5797 
5727 
5517 
5727 
5727 
5657 
5727 
5867 
5797 
5797 
5797 
5796 
5797 
5867 
5797 
5797 
5936 
6007 
5867 
5797 
5867 
5867 
5657 
5797 
5727 
5797 
5587 
14598 
5797 
5797 
5727 
5797 
6216 
6146 
5936 
5937 
5937 
5448 
5797 
6286 
5867 
5658 
5727 
5796 
5447 
5377 
5448 
5517 
5238 
5098 
5378 
5169 
5099 
5238 
4959 
4889 
4889 
5028 
4958 
5029 
4959 
5168 
5168 
4888 
4959 
4959 
4959 
4889 
4889 
4889 
5099 
5238 
5168 
5308 
5169 
5098 
5028 
5168 
4819 
4889 
4820 
4819 
4819 
4959 
4820 
4819 
4820 
4959 
5098 
4819 
4889 
4820 
4820 
12292 
5029 
4819 
4889 
4819 
4609 
4679 
4609 
5098 
4260 
4051 
5029 
4888 
5028 
4888 
4889 
4749 
4959 
4958 
4958 
4959 
3981 
4749 
4750 
4679 
4679 
3842 
4889 
5098 
4889 
4540 
4679 
4609 
4958 
4819 
4749 
4610 
4679 
4749 
4540 
5029 
5169 
5098 
4889 
5099 
4889 
4959 
4959 
5098 
4959 
4959 
4470 
4261 
4819 
3981 
4121 
3702 
4051 
3981 
3981 
4679 
3981 
4051 
3701 
3701 
3562 
3561 
3562 
4679 
5098 
4888 
4680 
5029 
4610 
4400 
3841 
4610 
4609 
4191 
4051 
3771 
4610 
4819 
4609 
4819 
4540 
4470 
4470 
4539 
4120 
4540 
4051 
3911 
5168 
4749 
4470 
3981 
3911 
3701 
3701 
3492 
3562 
3283 
3352 
3282 
3073 
3073 
3771 
3632 
3842 
3632 
3632 
3772 
3841 
3632 
3562 
3074 
3701 
3422 
3772 
3631 
3771 
3423 
3911 
3492 
3772 
3562 
3353 
3701 
3562 
3492 
3423 
3632 
3562 
3771 
3702 
3562 
3842 
3492 
3283 
3772 
3632 
3631 
3631 
3841 
3842 
3422 
3282 
3212 
3771 
3353 
3492 
3213 
3492 
3422 
3213 
3283 
3212 
3143 
3073 
3283 
3353 
3422 
3283 
3422 
3282 
3422 
3492 
3213 
3353 
3492 
3562 
3352 
3423 
3422 
3841 
3143 
3073 
3423 
3353 
3213 
3701 
3283 
3353 
3143 
3493 
3352 
3493 
3632 
3213 
3422 
3492 
3213 
3213 
3282 
3073 
3981 
3283 
3003 
3771 
3771 
3143 
3492 
3492 
2933 
2864 
2514 
2515 
3003 
2863 
3004 
3142 
2724 
2724 
3143 
2863 
3073 
3003 
2933 
3632 
3073 
2794 
2654 
2654 
2584 
2584 
3143 
3003 
3143 
1467 
2654 
2654 
2514 
2584 
2654 
2864 
2863 
2654 
2654 
2584 
2514 
3073 
2724 
2724 
3142 
3771 
2864 
2724 
2654 
3003 
2794 
3003 
2444 
2235 
2235 
2234 
2165 
2235 
2794 
2305 
2235 
2305 
3003 
2235 
2235 
2933 
2794 
3422 
2375 
2375 
3283 
2724 
2515 
2933 
2445 
2864 
2724 
3492 
3073 
2514 
2584 
3003 
2654 
2793 
2724 
2863 
3422 
2793 
2934 
2305 
2234 
2374 
3353 
2584 
3003 
2585 
2514 
2375 
2304 
2375 
2444 
2794 
2375 
3004 
3143 
2934 
2514 
2445 
2305 
2934 
2305 
2514 
2235 
2305 
2235 
2235 
2374 
2445 
2375 
2304 
2375 
2444 
1327 
2305 
1815 
1816 
2235 
2585 
2514 
2514 
2235 
2514 
2235 
2374 
2235 
2096 
2235 
2723 
2654 
2724 
2234 
2235 
2165 
2584 
2374 
1327 
1257 
1956 
1746 
2304 
2235 
2235 
1956 
1816 
2444 
2305 
2375 
2304 
1956 
2026 
1956 
1885 
2375 
2375 
2095 
2096 
2095 
2445 
2235 
2515 
2025 
2095 
2026 
2235 
2235 
1886 
2444 
2445 
2165 
1816 
2374 
2095 
2444 
2235 
2026 
1886 
2095 
2026 
1886 
1955 
1816 
1746 
1746 
1816 
1816 
1816 
1955 
1746 
2515 
1956 
1956 
2165 
1676 
1885 
1746 
2235 
2026 
1816 
1746 
1746 
1676 
1676 
1956 
1816 
1676 
1676 
1676 
2095 
2165 
2864 
1396 
1257 
2025 
1187 
1676 
2305 
1746 
1676 
1676 
2305 
1886 
2514 
2584 
2095 
2584 
1956 
1746 
2095 
1886 
1746 
2096 
4120 
2095 
1955 
1746 
2235 
2026 
2026 
1607 
2235 
11035 
1885 
1536 
1886 
1676 
1537 
1466 
1397 
1466 
1397 
1397 
1467 
1466 
1606 
1397 
2095 
1816 
1606 
1537 
1397 
1467 
1397 
2025 
1746 
1536 
1676 
1606 
1956 
2304 
2724 
1816 
1746 
1537 
1536 
1467 
1327 
1327 
1397 
1955 
1397 
2025 
1677 
1537 
1816 
2095 
2026 
1886 
1746 
1467 
1397 
2025 
1816 
1537 
1816 
1536 
1467 
2025 
1676 
1536 
2235 
2025 
1607 
1397 
2584 
2025 
1886 
1467 
2095 
1537 
11315 
1537 
1327 
1327 
1327 
1257 
2026 
1816 
1747 
1467 
1466 
1537 
1327 
1816 
1956 
1676 
1466 
2304 
1956 
1537 
1816 
1676 
1467 
1327 
1187 
1257 
1257 
1257 
1258 
1816 
1676 
1537 
1886 
1816 
1537 
1327 
1327 
1746 
1677 
1327 
1188 
1816 
1188 
1746 
1746 
1397 
1396 
1187 
1187 
1117 
1676 
1466 
1257 
1257 
1677 
1466 
1257 
1187 
1886 
1397 
1187 
1188 
1188 
1187 
1118 
1048 
1117 
1117 
1677 
1397 
1327 
1327 
1257 
1187 
1117 
1118 
1816 
1466 
1187 
1257 
1118 
1676 
1607 
1467 
1397 
1257 
1117 
1257 
1536 
2234 
1607 
1327 
1677 
1327 
1118 
1187 
1258 
1536 
1397 
1537 
1536 
1327 
1467 
1607 
1257 
1537 
1397 
1397 
1537 
1327 
1606 
1606 
1676 
1537 
1746 
1537 
1327 
1327 
977 
978 
1537 
1188 
1187 
1607 
1187 
1187 
1187 
1467 
1746 
1537 
1536 
1117 
1187 
1327 
1397 
1397 
1257 
1257 
978 
768 
1816 
1257 
1187 
1467 
1327 
1187 
1466 
1467 
1257 
839 
1257 
1188 
838 
1187 
1467 
1257 
1118 
977 
1257 
2026 
1327 
1047 
978 
908 
908 
838 
838 
1327 
1257 
1048 
978 
908 
1257 
1885 
1327 
1257 
1257 
1397 
1327 
839 
908 
1956 
1327 
1117 
1048 
768 
1117 
1047 
838 
908 
907 
1118 
978 
1118 
1188 
1117 
2025 
1187 
1187 
1048 
908 
699 
1047 
1327 
1258 
1257 
768 
1118 
1048 
907 
908 
908 
769 
838 
1816 
1257 
978 
908 
838 
978 
978 
908 
1117 
1118 
978 
908 
908 
1257 
1117 
1117 
978 
978 
1187 
1188 
1187 
1117 
1048 
1048 
1187 
1047 
978 
1048 
1327 
1677 
1258 
1048 
1118 
1257 
1327 
1117 
1117 
978 
1047 
838 
769 
1187 
1257 
1118 
1048 
978 
698 
978 
908 
908 
1048 
908 
838 
838 
838 
1188 
1327 
838 
1117 
1467 
1047 
1118 
978 
1048 
908 
1048 
1117 
1327 
1327 
