2095 
1117 
768 
1047 
838 
699 
838 
1047 
908 
1047 
699 
698 
699 
699 
698 
699 
698 
699 
699 
699 
698 
698 
698 
1047 
1048 
978 
1187 
908 
768 
838 
1047 
1047 
838 
908 
768 
838 
768 
838 
699 
768 
1118 
908 
838 
769 
768 
768 
699 
699 
698 
838 
838 
1117 
1117 
1117 
1048 
978 
978 
1048 
1118 
1048 
908 
838 
699 
839 
1048 
977 
838 
699 
768 
768 
1816 
838 
908 
698 
908 
699 
698 
1048 
1187 
977 
1118 
1048 
908 
908 
1187 
978 
838 
839 
768 
768 
768 
698 
768 
769 
1047 
839 
908 
1187 
908 
908 
908 
1048 
1047 
978 
838 
1048 
1047 
838 
1048 
1048 
908 
1048 
978 
769 
838 
768 
838 
1118 
1048 
1047 
1047 
978 
908 
1118 
1118 
1048 
908 
908 
768 
769 
698 
1118 
1187 
908 
1327 
908 
908 
838 
838 
768 
768 
699 
1117 
978 
908 
908 
838 
838 
1048 
1048 
838 
1048 
768 
838 
838 
1048 
908 
1047 
769 
698 
768 
768 
1048 
838 
768 
768 
1048 
1118 
699 
1048 
908 
769 
768 
768 
768 
838 
1118 
838 
838 
768 
699 
698 
698 
698 
698 
629 
698 
768 
768 
699 
978 
1048 
1187 
978 
838 
768 
768 
838 
699 
768 
977 
1048 
1117 
1048 
908 
978 
838 
1257 
1047 
978 
1257 
978 
977 
1327 
1327 
1327 
1117 
1117 
1187 
978 
838 
908 
839 
1257 
1187 
2095 
1466 
1187 
1257 
1187 
1257 
1047 
1048 
1048 
1327 
1327 
1397 
1327 
1117 
978 
977 
1117 
1327 
1327 
1396 
1188 
1047 
1257 
1188 
977 
838 
1187 
1117 
908 
838 
1117 
838 
1118 
1187 
838 
977 
768 
908 
699 
1257 
838 
978 
1467 
1397 
1397 
1118 
1188 
978 
978 
977 
908 
838 
907 
908 
907 
1676 
1117 
1467 
1188 
1187 
1327 
1187 
1117 
978 
838 
1467 
1188 
1467 
1257 
1118 
908 
978 
1048 
1327 
1257 
978 
1048 
1257 
978 
1188 
1048 
1048 
978 
1257 
1257 
1048 
978 
1188 
1397 
1118 
1397 
1467 
1048 
1397 
977 
908 
1467 
978 
1047 
1257 
838 
978 
908 
838 
838 
907 
838 
838 
838 
839 
838 
1327 
978 
1118 
908 
1467 
1047 
908 
1886 
1257 
978 
1397 
1257 
1187 
978 
1118 
1048 
1187 
1048 
838 
698 
838 
839 
698 
768 
838 
978 
838 
838 
1257 
1886 
1187 
1117 
1047 
838 
838 
838 
908 
1257 
978 
838 
978 
1047 
1258 
1257 
1257 
1258 
1048 
908 
838 
768 
839 
1257 
1047 
908 
1187 
1118 
1187 
978 
1536 
1257 
1048 
1397 
1118 
1048 
978 
908 
1118 
908 
838 
838 
1048 
908 
769 
1537 
978 
1327 
1048 
908 
908 
838 
908 
1467 
1047 
1397 
1466 
1257 
1257 
978 
1048 
1118 
1956 
1397 
1048 
1047 
978 
908 
908 
908 
908 
978 
838 
838 
978 
1397 
1188 
1188 
978 
978 
908 
838 
1536 
1466 
1188 
1117 
769 
838 
838 
838 
908 
838 
1117 
769 
978 
1676 
978 
1187 
1187 
1187 
1676 
1816 
1466 
1327 
1397 
1118 
1048 
1118 
1397 
1327 
1047 
1047 
978 
978 
1187 
1327 
1117 
1258 
978 
978 
908 
1048 
1816 
1327 
1048 
978 
908 
1327 
1048 
1885 
1466 
1047 
1397 
1537 
1047 
1676 
838 
768 
1048 
908 
978 
907 
907 
1187 
977 
1397 
1048 
1955 
1187 
978 
1117 
1257 
1397 
1257 
1536 
1536 
1187 
1606 
1537 
1187 
1118 
1397 
1188 
1257 
1397 
1048 
908 
1117 
1536 
1257 
1187 
1607 
1327 
1537 
1188 
1187 
2166 
1537 
1327 
1606 
1606 
1397 
1536 
1746 
1536 
1537 
1188 
1397 
1048 
978 
1257 
838 
1048 
978 
908 
1118 
1606 
1188 
1187 
1187 
1257 
1467 
1536 
1257 
1257 
1327 
1188 
1327 
1257 
1188 
1257 
1536 
1607 
1676 
1467 
1676 
1397 
1536 
2863 
1746 
2235 
1746 
1816 
1956 
1466 
1606 
1606 
1466 
1467 
1327 
1327 
1257 
1257 
1257 
1327 
1327 
908 
1118 
908 
1117 
977 
1257 
978 
1187 
1048 
1327 
978 
1048 
1187 
1746 
1956 
1746 
1117 
1327 
1187 
1466 
1956 
1816 
1467 
1956 
1607 
1886 
1816 
2095 
2026 
1606 
1536 
1466 
2025 
1746 
1816 
2654 
1746 
1537 
1466 
1816 
1397 
1956 
1536 
1397 
1885 
1466 
1677 
1536 
1537 
1327 
1187 
1257 
978 
977 
908 
1327 
1187 
1467 
1187 
978 
1327 
1606 
1397 
1816 
1327 
1117 
1746 
1327 
1327 
1397 
1257 
1187 
1187 
1188 
1258 
1187 
1118 
838 
908 
1117 
838 
1537 
1327 
1397 
1048 
1118 
1746 
978 
978 
1816 
1607 
1886 
1537 
1048 
1258 
1537 
1396 
1467 
978 
1396 
1048 
1258 
1187 
1048 
908 
1187 
1117 
908 
1466 
1467 
908 
1327 
1467 
1048 
1467 
1327 
1746 
1467 
1327 
1536 
1257 
1327 
1327 
1397 
1816 
1746 
2514 
1467 
1467 
1746 
1816 
1886 
1816 
1746 
2235 
2095 
1816 
1816 
2095 
1677 
2165 
2096 
1537 
1606 
1676 
1327 
2096 
1607 
1607 
1746 
1048 
1536 
1746 
1536 
1327 
1677 
2724 
1536 
1047 
1048 
1606 
1327 
1187 
1327 
2025 
2165 
2165 
2235 
1257 
1606 
1327 
1467 
1327 
1327 
1397 
1327 
1257 
1117 
1327 
1327 
1048 
1118 
1746 
1816 
2235 
2165 
2375 
2095 
1816 
1816 
1885 
1886 
1607 
1467 
1606 
1676 
1467 
1536 
1676 
1746 
1257 
1048 
1048 
839 
977 
1117 
1816 
1885 
2305 
1676 
1117 
2235 
2026 
1467 
1188 
1327 
1118 
1606 
2026 
2793 
1816 
1047 
1048 
1258 
978 
907 
1048 
1047 
1257 
1117 
1117 
1188 
1397 
1257 
1396 
1327 
1257 
1885 
2305 
1816 
1607 
1955 
1956 
1467 
1955 
2025 
2863 
2026 
2165 
2514 
1048 
1117 
1397 
1467 
1396 
1885 
1746 
1955 
2025 
1746 
1606 
1816 
1886 
1746 
1676 
2375 
1955 
1886 
2095 
2025 
2165 
1886 
1955 
1746 
1746 
1956 
2654 
2584 
2445 
2584 
2514 
2514 
2863 
2514 
2514 
2374 
2724 
2515 
2444 
2863 
2515 
2305 
2235 
2235 
2305 
2584 
2654 
2654 
2724 
2793 
1048 
838 
908 
978 
1676 
1677 
1257 
1048 
1257 
1536 
1746 
1048 
1606 
1327 
1536 
1117 
1187 
1187 
908 
1606 
1537 
2166 
1607 
1536 
1606 
1466 
1118 
1118 
1537 
1117 
1606 
1117 
1467 
1397 
1327 
1606 
1886 
2165 
2375 
3772 
4051 
2654 
2445 
2235 
2165 
2514 
1886 
1537 
1676 
1536 
908 
769 
1397 
978 
1466 
1676 
1816 
1955 
1886 
2235 
2096 
2165 
2375 
2305 
2025 
2445 
2026 
2444 
2165 
1886 
2165 
2095 
2514 
1956 
1955 
2375 
2445 
2096 
2165 
2934 
2375 
2444 
2794 
2654 
2305 
2305 
2305 
2794 
2235 
2304 
2374 
2724 
3003 
3073 
3003 
2444 
2933 
2793 
2514 
2515 
629 
838 
698 
838 
1117 
908 
1257 
1607 
1467 
1257 
2235 
1467 
1676 
2025 
1537 
1886 
1118 
1536 
1955 
1676 
2305 
2794 
1746 
1746 
3562 
2724 
1537 
1886 
1955 
2165 
2375 
1886 
2514 
1816 
2096 
1677 
1816 
2794 
2584 
2305 
2445 
2864 
3422 
2025 
2026 
1676 
3073 
2864 
4050 
2654 
1466 
768 
1187 
1188 
1257 
1118 
1816 
1327 
1257 
1956 
1118 
1746 
1676 
1257 
2235 
2654 
1397 
2095 
1327 
1327 
1956 
2304 
1886 
1676 
2095 
2305 
3841 
3282 
1257 
2305 
2375 
1187 
1466 
2445 
1467 
1467 
1816 
2026 
2724 
1955 
2375 
2445 
2863 
2514 
3143 
3492 
2515 
2445 
3143 
2794 
1257 
838 
1396 
1048 
1466 
1816 
1257 
1397 
1467 
1187 
1397 
1746 
2515 
2864 
2235 
2025 
2654 
1955 
1676 
1746 
2374 
1816 
2095 
2096 
1956 
1117 
1606 
1607 
2165 
2305 
2514 
2444 
2235 
2304 
2375 
2514 
2514 
2305 
2514 
2584 
2374 
2445 
1397 
1536 
2445 
1955 
2375 
3981 
3911 
3561 
1607 
4121 
2095 
2304 
2375 
2654 
2654 
2654 
2444 
2863 
3004 
3632 
3422 
2934 
1536 
1606 
1606 
1746 
1746 
1746 
3143 
3213 
2514 
2444 
2863 
2864 
3422 
3493 
3283 
3212 
3492 
3282 
3911 
4610 
4260 
3981 
3771 
3841 
3631 
4888 
4819 
3911 
4121 
4190 
3911 
3841 
3701 
3841 
3702 
3632 
1397 
1118 
1466 
1676 
2025 
2166 
2444 
1816 
2165 
2165 
2375 
2095 
2585 
2374 
16064 
2793 
2515 
3073 
2933 
2863 
3003 
3003 
2724 
3212 
2654 
3283 
2794 
2654 
2724 
3282 
3352 
3632 
3143 
3282 
3073 
3003 
3003 
3003 
3213 
3632 
3213 
3073 
3212 
3213 
3422 
3213 
3213 
3283 
3213 
3631 
1677 
1607 
2514 
1816 
1886 
2095 
2375 
2165 
2165 
2794 
2444 
2235 
2794 
3004 
2654 
3073 
3073 
2864 
2863 
2794 
3073 
3352 
3143 
3143 
3143 
3352 
3282 
3632 
3213 
3143 
3283 
2933 
3073 
3003 
3632 
3212 
3842 
3632 
3562 
3911 
3981 
3631 
3912 
4121 
3911 
3912 
4051 
4470 
4190 
4330 
1467 
1886 
1956 
2584 
2654 
2096 
1956 
2235 
3143 
3213 
3422 
3143 
3003 
2305 
2863 
3073 
2933 
3701 
1536 
2585 
2235 
2724 
2444 
4540 
3003 
3632 
3073 
1536 
1606 
2374 
1606 
2723 
2793 
2235 
1956 
1676 
1676 
1955 
1816 
1886 
4120 
4121 
2514 
2445 
3073 
3073 
3911 
2863 
3073 
2584 
629 
698 
978 
978 
1607 
1048 
1327 
1117 
1118 
1117 
1118 
1956 
1606 
2235 
1746 
2514 
1746 
1886 
1816 
2235 
2166 
2514 
2933 
2584 
2165 
2305 
2515 
2445 
2584 
2933 
4470 
4958 
5657 
4889 
3911 
3352 
3352 
3352 
4191 
4330 
5028 
4400 
3981 
4121 
1816 
6006 
3003 
1955 
1956 
2025 
1536 
1816 
1886 
1048 
1048 
1257 
1257 
1676 
1258 
1047 
1327 
1258 
2374 
3492 
1607 
2095 
1746 
1676 
1397 
1396 
1606 
1467 
2585 
2095 
2654 
2305 
2864 
3143 
3632 
2654 
12781 
4330 
4260 
3422 
3213 
3561 
4609 
4889 
2235 
1746 
1746 
1746 
1886 
2375 
1886 
1886 
1956 
1816 
2304 
3492 
2026 
1536 
2096 
1397 
1257 
1118 
1257 
2374 
1816 
1956 
2305 
2235 
2724 
2934 
2304 
3143 
3074 
2794 
3073 
4120 
4540 
4121 
5587 
3981 
3492 
3143 
3911 
4261 
3841 
3841 
4749 
5029 
3561 
3842 
4191 
4609 
3911 
4539 
4120 
4819 
4051 
5168 
5308 
5378 
5308 
5937 
6566 
6914 
6705 
6844 
768 
1047 
977 
978 
1746 
1327 
1536 
1537 
2445 
2585 
2375 
2445 
1467 
1467 
1537 
1467 
1746 
1537 
1397 
1467 
1676 
1397 
1955 
2863 
2584 
2863 
2794 
2863 
2863 
2654 
3213 
3003 
3702 
3562 
4190 
3493 
4050 
4051 
4679 
5169 
5517 
4330 
4400 
4609 
4819 
5169 
4819 
5797 
5588 
7333 
1327 
1187 
1607 
2025 
1607 
1047 
1117 
1257 
1257 
1257 
1188 
1607 
1746 
1676 
1676 
1676 
1676 
1606 
1536 
1886 
1746 
1886 
2444 
3073 
3841 
3492 
5099 
4330 
4679 
4609 
4260 
4540 
4470 
4470 
4680 
4959 
5937 
5797 
5029 
5517 
5517 
5657 
5587 
5588 
6006 
5028 
5168 
4889 
5029 
4889 
1746 
1606 
1886 
2095 
2863 
2095 
2234 
3423 
3841 
4051 
3702 
1746 
1607 
3632 
1537 
1607 
2514 
2863 
4679 
3632 
4260 
4470 
4260 
4609 
4889 
4749 
4470 
4610 
5028 
5238 
5029 
5727 
5937 
5238 
6076 
6914 
5517 
5517 
5447 
6355 
7542 
6845 
6845 
7473 
6704 
6845 
7403 
7333 
7682 
8102 
1048 
1188 
2025 
1956 
1258 
1467 
1467 
2584 
1187 
1816 
1956 
1886 
1885 
2095 
2724 
3701 
2863 
2724 
4749 
2864 
2514 
3142 
2514 
3631 
3213 
2165 
2165 
3282 
3841 
3492 
3701 
3492 
3981 
3213 
4120 
4121 
4190 
3283 
3213 
3771 
3771 
3423 
4400 
4400 
4051 
4121 
4260 
4749 
4470 
3353 
1606 
2305 
2305 
3143 
3143 
1676 
2305 
3213 
2723 
3143 
3771 
5378 
3561 
3842 
4540 
3981 
4051 
3142 
3142 
4191 
3283 
3772 
3352 
3632 
3981 
4190 
3352 
3073 
3422 
3422 
3492 
3562 
4540 
3632 
4191 
3353 
3003 
3142 
3631 
4051 
3213 
3771 
4120 
3562 
4330 
4401 
5238 
4889 
5727 
6286 
1886 
1536 
1676 
1537 
2235 
2375 
2235 
2724 
4051 
3143 
3632 
3073 
2514 
2654 
2863 
2515 
3003 
3143 
3073 
2654 
2305 
3981 
3841 
2723 
2374 
2654 
3073 
4959 
5098 
5866 
5238 
6215 
5517 
5657 
5937 
5867 
6425 
6356 
6356 
7334 
8451 
7822 
8172 
8242 
8241 
8311 
7753 
7683 
7962 
9708 
1048 
908 
908 
1187 
1397 
1816 
2654 
3353 
3142 
3352 
2026 
2095 
2724 
1886 
3283 
2863 
2445 
1537 
2654 
3073 
1886 
1606 
1746 
2165 
3492 
2723 
3492 
3562 
4330 
4539 
3492 
2025 
2096 
2305 
2445 
5308 
2444 
3981 
7263 
5866 
5727 
6635 
7962 
4958 
7403 
5867 
6286 
6286 
6356 
6775 
1676 
1956 
2095 
2304 
2445 
2654 
3073 
3492 
2864 
3143 
3073 
3422 
3283 
4610 
4051 
5169 
6774 
4330 
3842 
6006 
5447 
6635 
7124 
7893 
9289 
9010 
8311 
9289 
7823 
7892 
6984 
7123 
7194 
6565 
8031 
7333 
7473 
7613 
7892 
8800 
9149 
8660 
8521 
3423 
3282 
3632 
3353 
3562 
3841 
3422 
2864 
2863 
2026 
1746 
2165 
1327 
1537 
1536 
1816 
1886 
1886 
2026 
2585 
2515 
2654 
3911 
3143 
3282 
4400 
5866 
4470 
4679 
3981 
2584 
2793 
2445 
2584 
2584 
2584 
2723 
2724 
2934 
2864 
2864 
2794 
4400 
4330 
3143 
3003 
4051 
4539 
4540 
5029 
6635 
6705 
8870 
10267 
6496 
3911 
5378 
1048 
1048 
1188 
1396 
1676 
1816 
2026 
2305 
2654 
2654 
2514 
3282 
4191 
4190 
4121 
3562 
2095 
3632 
2724 
2444 
3981 
3353 
3143 
2166 
2374 
2445 
2514 
4051 
4540 
5238 
5308 
5936 
5657 
6496 
6426 
7473 
7752 
6635 
4610 
5378 
3981 
3353 
3353 
3631 
4539 
5169 
3143 
5098 
4819 
3213 
2025 
1956 
2166 
2375 
2654 
2864 
3422 
3841 
4121 
5517 
11244 
4750 
4959 
6076 
5587 
5308 
5098 
5518 
5518 
5099 
4400 
5029 
4959 
4679 
5378 
5797 
6216 
5588 
5797 
6216 
6006 
6006 
6356 
6216 
6425 
6285 
6286 
7333 
7613 
8311 
8101 
8102 
7892 
7962 
7892 
7822 
7403 
7403 
7543 
7822 
1118 
1117 
1606 
1327 
1188 
1677 
1397 
2025 
2445 
2026 
1467 
2793 
1327 
2794 
2095 
2445 
1886 
2166 
2864 
2584 
1467 
1606 
1536 
2235 
2724 
3702 
3981 
3283 
3282 
3422 
2584 
4260 
5098 
2723 
2374 
2445 
2723 
6845 
3912 
5517 
7263 
6845 
6496 
5377 
5518 
5238 
6426 
6286 
7474 
7473 
1537 
1466 
1327 
1746 
1816 
2026 
2235 
2305 
2584 
2654 
3632 
4121 
4540 
2584 
3702 
3911 
3981 
2724 
3212 
3422 
3282 
2863 
2724 
2794 
3352 
3073 
7124 
6426 
3841 
4470 
3911 
3562 
4051 
4750 
2933 
3283 
3562 
3912 
4121 
4051 
4121 
4959 
5169 
5447 
5447 
5657 
6495 
8940 
8242 
9499 
1467 
1746 
1816 
1956 
2305 
2654 
2165 
3143 
2793 
3003 
3143 
5378 
5447 
5588 
5168 
6635 
5657 
7613 
4120 
4540 
3003 
4190 
4261 
4610 
4469 
3911 
4051 
4749 
4959 
3841 
4191 
4261 
4330 
2934 
3631 
4190 
4750 
3632 
4260 
4051 
4749 
5029 
5168 
5099 
5098 
4470 
4400 
5099 
4261 
5797 
1606 
1257 
977 
1048 
1397 
2095 
1327 
1466 
1885 
1886 
1676 
2793 
3073 
3213 
2515 
2933 
2724 
2584 
2724 
2724 
2724 
3003 
3142 
3143 
7962 
7613 
7333 
9289 
9429 
9010 
8940 
5029 
4819 
4540 
6635 
6356 
5866 
5727 
5168 
5517 
5796 
6355 
7054 
7823 
7753 
7822 
8451 
7962 
6704 
6076 
1257 
1536 
1956 
1676 
1606 
1885 
2025 
2375 
2724 
3073 
3003 
2445 
2584 
3213 
4261 
4749 
4750 
4400 
3352 
2515 
77874 
3142 
8032 
4749 
8590 
5029 
4051 
4469 
6635 
5308 
5378 
4819 
5518 
7752 
5169 
5866 
5727 
5867 
5867 
4749 
4051 
5727 
5517 
5028 
5657 
5308 
6077 
4400 
5657 
6775 
1467 
1746 
1816 
1885 
2095 
2584 
2514 
2584 
3143 
2864 
3352 
3492 
3771 
4819 
4540 
4680 
6705 
6076 
5797 
6286 
6914 
6216 
6356 
7194 
6775 
2724 
2864 
2794 
3003 
3004 
4051 
3981 
8521 
6425 
3841 
3493 
4819 
3702 
8730 
4121 
3632 
3772 
4121 
4121 
5378 
4889 
5937 
6565 
5937 
6845 
1118 
838 
1048 
1327 
1886 
2864 
2724 
3213 
2025 
1467 
1467 
1326 
1257 
1327 
2444 
2514 
2445 
2654 
3004 
3143 
3632 
3841 
4959 
4051 
4889 
4819 
5238 
5238 
5029 
6355 
8590 
8241 
8451 
4330 
3632 
3981 
5378 
3283 
3492 
3701 
3353 
3911 
3632 
3422 
3632 
3841 
4121 
3911 
9079 
3981 
1257 
908 
1746 
2026 
1955 
1956 
2375 
2863 
2724 
3352 
2864 
3632 
3353 
3772 
4400 
4540 
4959 
5517 
5797 
5867 
6146 
6565 
7124 
7263 
7124 
7823 
8032 
8312 
8312 
9568 
10337 
10057 
9289 
10197 
23676 
9778 
20045 
10476 
10755 
10686 
10965 
21582 
11315 
11244 
20114 
11524 
11245 
11384 
11245 
11245 
2165 
2375 
1886 
2515 
2514 
2864 
3423 
3283 
3981 
3702 
4190 
5797 
23257 
5866 
6216 
6495 
6565 
7194 
7613 
8102 
8241 
8172 
8520 
8730 
17251 
8939 
8730 
9358 
9149 
10826 
11174 
10965 
11175 
12292 
12502 
12362 
12991 
12920 
12641 
13061 
13410 
13549 
11943 
11803 
11733 
11664 
11804 
11943 
12013 
12781 
2723 
2724 
2864 
2933 
3143 
3702 
3632 
4819 
5308 
5447 
5657 
6076 
5168 
6006 
6216 
6286 
6565 
6775 
8031 
8242 
8940 
9149 
120826 
9987 
10547 
10756 
11593 
9987 
9988 
10756 
10755 
11384 
11524 
12222 
11943 
11873 
12222 
11385 
11594 
11734 
12781 
13200 
12991 
12850 
12990 
13759 
12851 
12990 
13758 
13060 
1607 
2234 
1956 
1956 
2166 
2444 
2515 
2934 
3213 
3422 
3632 
4261 
3981 
5587 
5867 
6006 
7613 
7822 
8102 
8940 
3772 
8521 
21791 
6984 
7124 
12013 
11244 
10826 
9918 
10197 
10476 
9289 
11105 
10197 
10546 
12223 
11943 
12013 
12222 
12711 
12641 
12153 
11943 
11943 
12572 
12572 
12292 
12222 
12362 
13131 
1048 
1117 
1258 
1746 
1187 
1258 
1327 
1816 
1816 
4260 
1956 
4610 
5378 
6146 
2445 
2724 
2863 
6007 
7404 
3073 
7753 
3282 
7962 
8032 
9429 
9359 
9638 
10616 
10685 
11524 
10336 
10407 
10966 
11314 
11524 
11734 
11594 
11524 
12153 
12712 
11804 
11733 
12222 
11873 
13549 
12571 
12502 
12571 
12711 
12502 
2445 
2514 
4540 
4191 
5029 
4261 
4191 
4330 
4330 
5448 
6356 
6984 
6984 
7333 
7403 
7962 
8451 
9079 
9638 
10057 
10406 
10896 
10896 
11454 
11454 
11524 
11384 
12502 
12921 
14597 
7543 
6285 
6845 
6775 
7054 
7193 
6635 
6356 
5378 
5867 
14597 
13689 
13479 
13480 
13899 
14248 
14248 
14248 
14318 
14178 
2235 
2165 
2654 
3003 
3282 
3353 
3842 
5099 
4959 
6355 
6495 
6425 
6844 
6774 
7264 
7194 
8172 
8381 
8801 
9358 
9288 
9359 
10616 
9778 
9778 
11035 
9708 
9847 
9848 
10546 
11174 
11594 
13270 
12153 
11943 
12712 
13339 
13200 
12641 
13060 
12712 
13409 
13899 
14039 
14597 
13270 
13479 
14388 
14177 
14178 
1048 
1886 
1956 
2165 
2374 
2724 
3003 
3143 
1816 
5098 
4331 
6076 
7054 
7543 
8381 
8521 
8311 
8381 
8451 
9289 
9429 
9848 
10197 
12013 
4819 
5308 
10965 
10756 
11594 
11664 
4889 
12013 
5168 
12432 
5169 
5308 
5447 
5308 
12781 
12711 
12152 
9079 
13060 
13898 
14247 
11663 
13480 
13689 
13759 
13759 
1606 
1396 
2444 
2585 
2654 
2724 
3213 
3422 
3632 
3702 
4051 
4470 
5518 
6076 
6845 
6705 
6775 
7263 
7124 
7682 
7683 
7893 
8032 
7892 
7752 
8381 
9150 
9568 
9987 
10128 
10266 
10755 
10966 
10756 
10826 
11664 
11454 
11454 
12013 
12921 
12711 
12711 
12921 
12711 
12362 
12013 
12990 
12292 
13061 
12152 
2234 
3143 
2514 
2654 
3143 
4400 
3841 
3702 
5239 
5169 
6914 
6775 
7194 
7124 
7613 
8241 
8102 
7962 
8241 
8451 
8381 
8311 
8591 
8381 
8451 
9289 
9987 
9708 
10267 
10267 
10965 
11593 
11874 
12223 
12781 
13200 
13131 
13130 
22419 
13130 
13689 
13969 
13689 
13898 
14457 
14388 
14527 
14527 
14527 
15436 
1607 
1187 
1327 
1536 
1955 
2095 
2305 
2514 
2794 
3073 
4540 
4679 
5238 
6216 
6077 
6845 
7054 
7193 
7962 
8241 
8591 
8800 
8591 
8520 
9359 
9917 
10546 
10616 
11105 
10755 
10895 
11245 
11454 
11524 
11943 
12432 
21651 
12292 
12991 
13480 
13829 
13829 
14527 
14597 
14457 
15086 
14527 
14387 
15715 
16343 
1956 
1885 
2095 
2515 
2724 
2794 
4191 
3981 
4051 
4260 
5238 
5657 
5238 
5657 
6495 
8311 
7683 
10057 
9010 
8870 
9778 
9568 
9987 
10127 
10895 
11175 
11454 
11873 
12641 
14248 
13898 
14248 
14737 
16902 
16343 
16762 
16552 
16203 
16273 
16273 
16622 
16623 
17041 
16133 
61181 
17251 
17460 
16832 
16831 
26470 
1956 
2025 
2165 
2305 
2723 
3911 
3212 
3283 
3981 
4679 
4400 
4261 
5238 
5936 
6076 
6915 
6774 
7334 
8451 
8940 
9289 
9150 
9149 
9917 
10197 
10127 
11524 
12223 
12851 
14317 
13480 
13340 
13549 
13759 
14248 
15366 
15854 
15993 
15994 
15993 
25912 
16832 
17670 
17809 
27797 
19066 
18997 
18019 
17810 
18019 
2724 
2654 
3073 
3562 
3422 
4260 
5238 
5239 
5448 
6146 
6146 
6076 
6775 
7542 
7753 
7752 
9219 
10267 
10965 
10686 
10686 
10895 
11663 
12082 
12571 
13759 
13828 
13130 
13200 
13689 
14248 
14597 
14666 
14038 
14108 
15225 
15575 
15785 
14737 
15155 
17182 
15994 
16623 
16692 
16972 
18089 
17740 
17740 
17670 
17531 
4050 
4889 
5517 
4959 
5937 
6495 
7194 
6775 
7543 
7962 
8731 
8242 
9918 
8870 
4051 
9638 
9918 
8940 
10686 
11314 
11874 
12711 
11524 
13689 
14248 
15156 
15644 
17042 
17461 
18229 
18019 
18788 
18508 
17879 
18368 
18368 
17949 
17251 
25073 
17809 
17670 
18857 
18159 
18089 
18019 
17740 
17600 
17111 
17321 
17600 
2933 
3911 
4191 
4191 
4330 
5448 
6775 
5796 
5378 
7054 
8241 
8730 
9708 
10127 
11105 
8032 
8730 
9150 
9778 
9708 
10407 
10895 
11175 
11524 
11314 
11943 
11873 
12432 
12781 
13339 
14039 
14178 
14806 
14736 
14807 
15715 
17111 
17111 
17530 
16692 
16622 
16971 
17530 
17460 
17600 
17530 
17670 
18228 
18578 
18158 
2654 
2444 
2654 
3003 
4191 
4191 
4470 
4330 
4610 
5238 
6006 
6146 
6705 
7194 
7893 
8381 
9219 
9848 
9709 
10267 
10057 
10127 
10616 
11105 
11384 
12013 
13061 
13549 
14457 
14946 
14248 
14108 
13828 
14038 
19206 
14946 
16762 
15784 
15226 
14527 
14667 
15226 
15435 
15225 
15225 
15575 
15994 
16133 
15924 
15784 
2305 
2374 
2793 
3631 
3213 
4680 
4750 
5099 
5797 
6216 
6566 
6914 
7683 
22489 
8521 
8521 
8940 
9079 
9638 
10197 
10267 
12013 
11105 
11384 
11803 
12153 
12083 
12432 
12712 
13061 
14247 
13689 
14108 
14388 
23537 
14457 
15225 
15645 
16274 
16133 
18089 
18159 
16133 
6496 
16203 
16762 
16762 
16693 
14667 
16693 
1257 
1606 
1467 
1746 
3143 
4190 
4680 
4121 
4400 
4889 
5098 
6496 
6076 
6984 
8032 
9638 
10686 
9778 
9778 
10546 
9987 
10266 
10057 
10546 
11105 
11804 
12642 
12571 
12572 
13270 
14247 
14108 
14597 
14038 
13968 
13898 
14178 
15086 
15714 
15574 
15714 
14807 
14876 
15505 
15505 
15435 
17460 
16064 
16762 
17460 
1188 
1537 
2584 
1466 
1885 
3283 
3283 
3492 
2375 
2794 
2793 
6355 
6705 
6635 
7054 
7333 
6914 
8381 
9080 
9288 
9569 
10197 
11663 
11035 
10895 
11384 
11663 
11733 
12362 
12781 
12641 
13061 
13619 
14247 
14597 
15295 
14946 
14946 
15505 
15714 
15924 
17041 
17600 
17530 
17460 
16762 
16971 
17949 
18997 
18299 
2095 
2305 
2794 
2654 
2724 
2724 
3213 
3283 
3771 
5936 
6356 
6495 
6635 
6915 
7333 
7752 
6705 
8381 
8870 
9918 
10197 
10058 
10686 
11315 
12013 
12572 
13340 
13829 
13828 
13759 
14457 
14038 
32756 
14108 
14946 
15225 
15156 
15714 
16273 
16553 
17181 
17250 
7682 
19905 
7333 
6705 
17879 
10197 
17740 
18229 
1537 
1677 
1746 
1886 
2445 
2794 
3143 
3422 
3771 
3911 
5518 
5169 
4540 
6775 
5867 
4540 
5168 
8451 
8101 
8451 
21162 
8451 
17600 
8241 
6286 
6635 
7543 
7683 
7403 
7613 
7683 
7753 
7892 
8171 
8172 
21372 
20882 
22698 
10058 
7682 
10686 
21581 
11244 
11803 
13200 
11664 
14667 
13130 
13898 
15505 
3492 
3561 
5029 
5238 
5518 
6077 
6285 
6635 
7054 
9080 
9289 
10197 
10196 
10825 
12571 
12082 
12990 
13480 
13689 
14597 
15016 
15086 
15714 
15854 
16693 
17460 
18299 
17111 
17461 
17949 
20324 
18927 
21651 
22559 
22769 
21372 
21232 
21861 
20743 
20953 
20952 
21511 
21371 
21791 
22000 
24515 
22699 
33734 
22699 
22559 
2025 
1397 
1956 
2305 
3562 
2864 
4609 
4051 
4680 
5797 
6496 
6774 
7403 
8940 
8521 
7752 
9219 
9359 
10267 
10685 
11524 
12571 
10616 
11245 
11733 
12921 
13340 
13689 
14388 
16692 
15645 
14876 
15784 
16203 
19626 
16273 
17600 
6775 
18717 
19346 
19625 
7054 
19137 
6844 
10616 
7054 
19276 
19207 
19765 
7333 
3213 
3213 
3631 
4121 
3911 
12222 
5378 
5658 
7264 
6426 
7194 
7123 
7543 
7613 
9359 
9708 
10197 
10546 
10965 
11175 
12013 
12362 
12641 
13340 
13829 
14109 
14806 
15086 
15016 
14946 
15714 
16063 
23257 
16343 
17321 
17321 
19067 
17670 
18089 
19206 
19695 
19695 
19206 
18927 
19277 
19346 
20394 
20743 
20743 
21301 
3073 
2445 
2445 
2375 
2514 
2235 
7682 
2863 
2724 
3004 
3073 
3143 
7962 
8381 
7334 
7473 
7753 
7753 
7962 
9708 
9778 
10895 
10197 
9987 
11594 
12362 
13061 
13130 
13759 
14876 
15365 
15365 
17880 
16902 
17391 
17810 
18369 
18369 
18718 
34362 
18717 
19206 
19206 
19207 
19975 
20534 
21092 
21162 
21022 
21512 
1677 
1676 
1886 
2235 
2863 
2025 
2794 
2864 
1466 
3213 
2095 
2165 
2515 
2654 
2793 
4261 
4470 
6565 
6495 
6635 
6984 
7543 
8311 
8590 
9428 
10127 
10616 
10546 
10686 
10965 
11385 
13479 
14457 
14387 
14317 
14806 
14876 
15714 
15854 
16482 
16273 
18787 
16972 
17391 
21232 
19067 
7403 
7613 
19206 
7404 
2165 
1816 
2095 
2444 
2514 
3212 
2933 
2375 
2864 
2934 
5308 
5308 
4819 
5797 
5587 
5727 
7054 
8800 
13479 
6844 
7124 
8171 
6496 
9219 
8172 
5727 
11454 
29893 
7473 
18927 
10197 
9289 
8241 
9289 
8101 
8451 
22000 
8591 
10057 
8521 
9080 
9080 
8730 
10477 
10337 
17810 
22209 
21302 
20674 
20324 
2514 
2864 
3003 
4191 
4470 
5448 
2724 
2584 
2514 
6356 
7753 
7962 
7753 
8940 
8730 
10197 
9848 
11943 
11174 
11873 
12432 
13200 
13410 
13410 
14038 
14876 
14876 
15295 
23187 
17041 
17740 
20534 
17600 
17880 
20603 
17601 
17670 
17531 
17809 
25911 
17809 
18298 
18298 
18648 
21162 
18368 
19276 
19695 
19207 
19486 
1746 
1467 
1606 
2025 
2863 
2654 
2863 
3143 
3352 
3702 
4260 
5169 
5308 
5797 
6076 
6495 
6984 
7124 
7543 
8101 
9568 
9429 
9778 
10197 
10546 
11105 
11803 
12571 
13340 
14108 
14667 
15016 
15854 
16762 
16552 
16483 
16622 
16622 
15645 
15784 
16413 
17041 
17112 
17740 
20394 
20953 
21302 
21302 
21232 
21302 
1047 
1606 
2165 
2025 
2794 
2654 
2724 
3562 
3352 
3282 
4190 
5308 
5727 
6146 
5937 
8032 
7892 
7473 
8032 
8241 
8800 
10616 
10755 
11803 
11803 
14039 
12362 
13619 
13759 
15854 
18298 
16343 
16623 
16971 
19905 
18298 
17809 
21022 
19696 
19485 
28914 
19975 
20114 
20324 
20114 
20883 
22279 
21931 
11803 
23188 
1676 
2235 
2863 
2864 
3283 
2864 
3143 
3213 
4750 
5587 
6076 
6356 
6635 
8102 
8101 
8032 
8870 
9150 
10476 
10197 
10686 
12292 
13130 
11943 
12571 
25423 
12641 
13829 
14177 
14947 
15575 
18509 
17531 
18298 
17530 
17320 
17530 
19905 
17530 
21651 
18509 
18508 
18229 
18438 
18298 
20882 
23048 
27448 
26889 
24864 
2724 
2654 
2864 
3213 
3631 
3631 
3981 
3562 
3981 
5308 
4889 
7334 
7124 
7054 
6006 
5238 
5867 
5308 
6286 
8731 
6844 
6635 
7264 
8102 
9708 
8381 
10686 
8312 
11035 
10546 
9987 
10477 
12850 
10756 
10128 
10476 
11315 
12082 
11804 
11943 
11734 
11804 
10616 
11733 
11803 
10825 
10896 
10476 
12991 
12572 
1746 
2026 
1955 
2374 
2305 
3004 
3143 
3143 
3631 
3911 
5168 
5518 
6076 
6914 
8032 
7892 
10476 
10127 
9219 
10057 
14806 
12083 
35759 
13480 
13759 
15644 
12851 
13340 
14597 
14387 
14387 
15085 
14528 
14666 
17880 
17670 
16133 
16412 
17530 
18787 
18927 
19346 
19416 
20533 
21232 
21581 
25562 
23047 
20953 
21581 
7682 
3073 
3492 
3142 
3912 
5029 
18159 
4680 
4680 
4190 
4470 
5448 
5239 
6705 
6984 
8450 
9568 
11175 
11803 
7054 
8731 
5937 
6007 
6355 
11175 
10756 
9848 
9149 
9918 
7404 
8940 
8870 
9010 
8870 
12781 
15086 
8381 
8171 
7892 
7334 
7962 
9638 
9498 
10057 
12641 
7822 
7753 
9568 
22279 
13200 
2095 
2165 
3911 
2584 
3353 
4191 
5239 
7683 
18159 
5867 
6146 
3352 
3422 
3911 
4959 
4051 
4610 
6077 
5378 
4191 
6775 
5867 
6146 
5797 
5867 
6425 
6286 
6635 
6775 
7333 
7823 
6635 
6775 
6704 
6774 
7054 
7752 
7194 
10756 
7473 
7333 
7683 
8311 
8102 
8381 
10965 
10197 
9150 
8940 
8172 
2514 
4190 
4749 
4889 
3842 
5029 
5587 
6286 
6495 
7962 
8102 
3353 
3073 
3143 
3143 
4400 
6705 
4540 
4609 
4261 
6286 
4610 
4610 
6215 
6006 
5517 
5797 
9987 
8032 
9079 
10756 
8311 
7473 
7054 
6774 
6774 
7682 
8800 
21721 
7124 
19486 
19765 
17531 
20743 
17950 
30661 
21232 
23746 
20394 
23606 
1955 
2374 
2305 
2934 
3003 
4120 
3352 
3492 
3702 
4889 
4750 
4540 
4749 
4749 
6216 
6426 
7333 
8031 
8521 
8521 
9150 
9638 
10197 
11943 
11454 
12293 
12991 
13689 
5797 
15016 
10196 
15994 
16203 
16623 
17321 
17810 
17670 
18508 
19486 
19556 
20743 
21442 
21302 
43721 
22349 
24305 
22349 
22698 
23257 
23397 
2585 
2864 
2863 
3143 
4610 
3702 
5169 
4679 
5308 
6077 
6216 
6356 
6216 
6705 
7124 
24795 
7403 
8451 
8870 
9009 
8940 
9568 
10337 
10685 
12432 
26819 
12851 
13619 
14248 
14387 
28216 
16203 
16623 
17181 
17670 
18369 
19346 
17879 
18159 
19276 
19974 
20952 
19765 
20044 
22000 
21791 
20743 
21092 
20953 
-999978139 
4958 
6076 
5587 
7403 
7473 
8311 
7962 
8661 
9080 
9498 
10127 
10895 
11454 
11244 
12223 
12363 
12712 
13270 
13898 
14807 
14946 
15365 
15645 
20743 
16273 
16763 
17949 
18299 
19835 
20812 
21651 
21024 
22419 
20604 
7892 
20813 
21651 
10546 
9079 
21163 
24654 
24724 
25143 
23956 
24025 
22908 
19765 
23955 
22978 
22838 
2934 
3352 
3352 
3911 
4819 
4330 
5797 
5517 
5937 
6286 
6845 
7822 
8730 
8102 
8661 
9149 
9568 
9988 
10407 
11803 
12641 
13061 
14387 
15226 
16064 
18090 
16831 
19625 
18368 
18508 
21092 
19277 
19765 
19905 
20533 
20115 
19975 
20184 
20813 
21162 
21720 
21581 
21861 
21861 
22909 
23816 
22349 
42604 
22559 
22838 
2375 
2445 
2654 
3492 
3003 
3213 
3492 
4750 
4400 
5936 
6076 
6635 
7194 
7683 
8242 
8800 
9359 
9918 
9918 
10476 
10966 
10965 
12012 
12642 
13130 
13200 
14038 
14108 
14178 
15714 
18858 
17460 
18089 
18159 
18368 
21232 
18997 
20603 
20953 
21163 
20883 
21582 
23537 
22000 
22908 
22489 
22699 
22698 
24655 
24514 
2235 
1886 
2165 
2724 
2933 
3492 
3492 
3492 
3702 
5028 
5308 
5727 
6356 
6845 
6984 
7404 
7682 
9708 
8940 
9499 
9708 
10127 
5727 
11245 
11733 
10756 
12711 
13270 
13410 
14388 
6006 
15086 
6215 
6425 
9428 
9708 
10406 
12502 
13340 
13898 
13828 
14247 
15715 
16203 
21721 
19416 
18717 
16692 
22419 
19835 
2095 
1816 
2234 
3073 
2584 
2933 
2933 
2933 
3911 
3492 
3701 
3771 
3841 
5168 
5587 
5937 
6565 
7055 
7822 
3842 
5098 
4470 
9009 
6705 
6216 
10407 
7682 
10686 
10825 
12920 
11594 
13479 
27867 
16692 
15435 
16134 
6635 
6705 
21511 
19276 
17391 
20813 
20743 
20953 
22209 
22629 
23118 
22629 
22559 
23048 
2235 
2933 
2793 
2933 
3212 
3981 
3911 
5378 
5657 
6007 
6356 
6775 
7054 
7473 
8102 
8520 
9149 
9638 
9848 
10407 
11035 
11385 
11803 
12501 
12990 
12502 
12781 
12781 
13130 
15016 
15016 
15435 
15435 
16553 
17111 
17112 
17041 
17112 
18299 
19626 
20324 
20883 
21581 
21511 
22140 
22350 
21930 
22210 
22908 
22769 
3771 
4121 
4959 
4120 
3841 
4330 
5308 
5797 
5937 
6915 
6705 
7054 
7892 
8521 
8591 
9149 
9429 
10896 
10546 
10686 
11035 
12711 
11874 
12502 
13270 
13130 
13130 
13550 
13969 
14247 
14388 
15226 
15366 
15645 
16063 
16482 
16762 
17251 
18509 
18648 
18997 
19626 
19905 
19695 
21023 
24375 
23467 
22908 
21721 
21721 
2724 
3003 
2305 
2793 
3562 
2095 
2864 
2374 
2584 
2514 
2584 
2654 
6495 
3143 
3422 
5797 
7613 
6216 
9429 
7403 
10127 
10965 
11524 
10476 
12571 
13340 
12851 
14876 
15574 
16832 
17461 
17460 
17949 
18229 
18299 
18927 
18857 
19136 
19695 
19765 
28566 
20534 
20603 
20603 
20533 
19696 
19556 
19835 
20394 
20324 
3212 
3352 
3981 
3911 
4889 
5447 
5447 
6076 
5797 
6146 
6775 
8520 
8102 
3562 
8660 
8660 
6566 
6915 
7193 
8311 
8730 
9917 
12641 
13270 
14108 
15086 
15575 
17041 
17809 
18089 
17810 
17600 
17251 
17739 
18369 
19347 
19905 
19975 
21162 
21581 
18787 
19206 
19485 
19485 
19695 
19556 
20115 
8101 
21790 
21302 
2793 
2864 
3213 
3283 
4330 
4260 
4750 
6216 
6216 
6984 
6635 
7473 
10197 
8520 
8730 
9289 
9918 
10686 
11314 
11943 
12292 
12572 
13200 
13829 
13829 
13270 
13828 
13969 
14457 
15574 
16902 
16693 
16692 
17181 
17880 
17879 
18857 
21511 
19765 
18508 
18788 
23676 
19905 
19556 
19695 
20324 
20394 
21162 
21441 
21860 
3492 
4261 
4191 
3632 
5238 
5657 
6635 
5937 
6356 
6845 
9079 
8102 
8032 
8521 
9219 
4191 
7263 
8171 
8381 
9638 
10756 
12921 
11804 
13759 
12851 
15435 
15366 
15924 
15086 
15784 
16064 
16064 
18927 
18089 
18368 
18717 
123201 
19206 
19835 
20324 
19835 
20254 
20324 
19904 
19904 
20324 
19835 
21371 
23117 
24165 
1397 
1956 
1607 
1816 
2026 
2165 
2654 
2724 
3143 
4191 
3353 
3702 
2514 
3702 
3841 
3981 
4889 
4190 
3492 
3562 
4400 
4889 
10197 
11035 
11454 
12152 
19905 
13759 
13968 
13968 
14457 
14876 
15715 
15365 
15854 
16482 
16762 
14667 
17111 
17879 
16343 
16553 
16203 
16343 
19486 
30241 
18438 
17461 
20045 
20673 
3841 
3353 
5518 
4051 
14457 
46515 
3143 
2515 
2584 
3352 
6426 
6845 
3981 
6914 
7473 
9079 
9219 
9150 
9010 
9778 
9847 
10616 
11105 
11594 
12292 
13061 
15575 
13898 
15505 
14667 
15575 
16412 
16483 
36876 
18788 
17600 
17530 
17530 
17810 
18229 
18019 
19067 
18787 
18718 
18997 
18647 
19556 
18997 
19486 
19206 
19765 
20114 
20114 
19974 
20184 
23955 
25772 
8451 
8032 
7683 
7753 
29543 
19835 
19975 
19835 
19835 
16203 
17530 
17181 
20394 
19975 
19835 
20324 
19905 
38204 
20324 
20115 
19835 
20254 
19835 
19835 
20184 
22140 
26959 
20673 
20674 
23746 
20743 
19905 
19835 
28635 
19905 
19835 
20254 
19905 
19975 
38973 
20045 
19766 
20254 
20185 
20184 
20813 
20673 
20743 
20673 
24444 
22628 
22210 
21023 
20743 
20813 
19975 
20254 
19905 
19974 
20394 
22140 
21232 
11454 
8591 
15366 
12641 
20604 
19556 
19555 
20673 
21860 
20254 
19905 
20813 
19835 
22419 
19975 
19905 
19626 
7543 
19765 
16972 
19625 
20115 
19695 
19626 
19696 
19696 
19765 
20394 
19904 
19766 
19765 
20534 
22629 
28426 
20813 
22209 
24584 
25701 
24025 
21791 
21092 
20394 
20743 
21372 
20394 
19835 
19626 
20464 
21861 
122782 
19765 
19695 
19556 
19835 
19835 
19695 
19556 
19695 
19626 
19905 
19835 
19765 
19765 
19975 
19696 
19835 
20185 
20812 
20045 
10895 
9639 
9220 
10825 
9987 
10546 
20254 
19835 
17391 
17181 
19625 
20324 
21441 
22139 
22350 
22070 
22349 
21581 
22070 
22000 
22000 
22419 
22001 
21930 
21930 
22000 
22000 
22280 
22629 
22629 
22070 
21791 
21931 
22070 
21931 
22000 
24794 
22279 
22419 
22279 
22000 
22000 
22140 
21861 
21860 
32197 
22070 
23118 
22071 
22070 
22001 
22279 
27099 
25702 
39182 
23607 
24305 
24375 
25632 
40368 
26051 
44908 
25352 
12082 
13620 
13270 
9778 
9149 
24235 
23118 
12850 
23117 
23048 
23118 
23187 
23187 
23117 
23118 
23048 
23188 
23258 
23327 
23118 
23117 
23747 
9149 
23257 
20255 
23187 
23607 
23257 
23257 
23187 
23187 
23188 
23467 
23606 
23258 
23327 
22978 
25073 
23118 
23048 
23467 
23676 
26680 
8870 
22908 
18578 
18788 
18787 
20254 
20394 
21022 
21022 
20394 
26749 
20743 
20045 
11454 
23746 
23048 
19067 
20115 
19556 
18997 
22978 
19905 
20324 
22769 
22908 
22978 
22769 
22908 
21581 
21790 
19765 
22628 
23048 
32547 
57131 
22768 
22489 
24445 
25562 
25003 
12222 
10965 
10337 
9010 
8171 
22419 
22698 
22419 
22838 
22489 
22489 
22489 
22489 
22838 
22629 
22559 
22908 
23467 
23816 
23956 
23746 
23746 
23677 
24654 
24025 
24025 
24026 
22978 
22908 
22908 
22699 
22629 
22838 
22698 
22698 
22769 
23886 
23117 
25562 
22908 
25492 
26400 
27797 
11315 
10616 
11943 
11175 
22699 
9499 
22699 
22559 
21512 
22698 
24724 
22280 
22838 
19766 
22768 
23188 
23048 
23118 
23187 
16832 
18788 
18717 
22978 
23606 
23397 
23886 
23816 
23047 
23048 
22838 
23327 
22908 
22978 
22978 
22978 
22978 
36178 
23397 
32547 
23398 
23258 
23188 
23467 
22978 
22978 
23117 
22978 
22908 
22908 
22978 
23188 
24096 
26400 
23117 
23047 
50776 
23047 
22977 
23048 
23048 
22978 
23047 
23048 
23118 
23327 
22908 
22908 
23257 
22978 
23118 
35479 
23188 
22978 
23188 
24305 
23746 
23676 
23747 
37505 
24305 
23817 
23886 
23117 
23257 
23048 
22978 
23746 
27168 
23816 
23676 
23677 
27937 
23188 
22769 
22699 
23047 
25143 
22838 
22908 
22908 
22838 
22838 
44839 
23117 
23537 
22908 
23048 
22978 
22908 
22908 
22908 
22908 
22768 
22768 
22769 
23955 
23118 
22908 
22838 
22838 
22838 
23048 
22908 
23327 
23886 
23747 
27168 
25982 
25772 
26958 
26539 
25353 
24096 
23606 
23677 
23747 
23886 
26470 
23886 
23816 
23816 
24165 
23886 
24165 
23886 
23816 
24236 
23886 
24515 
24864 
24933 
25073 
24933 
24794 
25073 
38972 
25143 
24793 
25144 
24794 
24794 
24863 
24793 
26540 
31848 
27099 
26401 
13061 
26889 
26750 
26260 
19975 
24724 
24933 
25842 
27727 
25772 
25212 
26749 
25841 
25632 
25842 
25981 
40787 
25772 
25911 
25702 
25772 
25632 
25772 
25842 
25772 
25702 
26051 
25841 
26051 
25772 
25842 
25702 
26819 
22419 
34642 
25981 
25841 
25771 
25912 
32686 
25772 
26261 
25842 
25702 
25841 
28844 
25772 
25772 
25772 
26261 
28775 
26261 
25842 
31080 
29403 
26051 
10477 
10616 
26959 
26959 
26679 
27029 
26889 
26749 
26680 
26749 
27866 
26749 
26819 
27169 
27099 
26959 
26889 
26680 
28077 
27378 
33874 
27378 
26679 
26819 
27168 
27029 
26959 
26749 
25911 
27098 
25981 
25981 
25772 
25702 
25702 
25911 
25911 
25911 
25702 
25632 
26261 
25842 
25982 
25702 
25841 
25632 
25842 
25772 
25982 
34642 
26121 
26680 
27099 
27099 
27168 
26750 
26750 
26820 
26680 
26749 
26819 
26749 
27518 
27867 
26819 
26750 
26679 
26819 
27098 
26750 
27168 
26820 
26819 
26750 
26819 
26819 
26889 
26610 
26679 
26958 
27029 
29054 
26750 
26819 
27168 
23257 
27168 
23187 
26680 
26609 
28705 
25981 
26051 
25981 
25842 
25772 
26191 
25702 
25772 
25632 
26191 
26820 
26680 
58668 
27029 
26820 
25981 
25841 
25702 
25772 
25772 
25702 
43302 
25702 
25702 
28915 
26051 
25912 
26051 
25771 
25632 
26121 
25772 
26051 
25981 
25911 
25772 
25702 
25912 
25702 
25772 
25702 
25772 
25702 
25702 
25702 
25841 
29473 
30591 
28915 
33454 
28845 
31150 
26051 
25911 
29683 
33455 
32896 
32407 
31429 
32756 
26889 
30521 
26679 
25702 
26401 
26819 
26400 
26470 
26400 
26401 
26540 
34432 
26401 
29054 
26959 
27099 
27168 
27169 
26680 
26820 
27169 
27936 
26889 
26680 
26749 
26610 
26680 
30172 
26819 
26819 
27098 
27099 
26819 
26889 
29822 
30311 
29124 
30451 
28566 
31149 
27937 
26400 
28705 
26680 
26959 
26750 
36597 
27029 
41068 
27587 
13270 
27937 
27937 
31987 
31289 
14667 
22978 
28915 
11314 
28915 
27867 
40299 
27797 
27798 
27867 
27657 
27727 
27727 
27657 
27797 
27657 
27588 
26959 
26750 
26610 
26680 
26749 
26680 
26680 
28914 
26959 
26750 
26750 
27169 
36736 
26680 
27168 
26819 
26680 
27728 
27727 
29124 
26680 
26959 
26750 
26750 
30521 
27657 
26749 
27169 
28216 
29962 
32337 
28774 
29124 
23467 
28705 
28635 
28775 
28635 
28775 
28705 
28636 
28635 
28705 
32057 
28566 
28635 
29054 
28775 
28845 
29124 
29194 
28915 
28775 
28705 
29124 
28844 
28774 
28845 
32337 
28984 
28845 
29054 
28635 
28775 
28705 
29124 
28844 
11454 
28775 
11175 
29054 
27797 
27587 
27658 
27518 
28076 
26889 
27098 
29474 
27867 
27867 
27727 
28007 
32616 
29264 
82832 
32616 
29264 
29334 
42114 
32337 
29054 
31708 
31708 
28774 
28635 
28705 
29194 
29194 
28635 
28705 
28705 
28565 
29125 
28635 
41486 
28705 
28007 
28705 
28635 
28705 
28705 
28845 
28565 
29054 
28985 
28635 
28774 
28496 
28495 
28426 
28565 
28635 
29753 
28985 
28635 
28705 
29194 
29333 
29893 
30312 
29822 
39042 
29962 
29892 
29893 
29823 
30032 
30242 
30032 
29893 
30451 
30032 
30032 
29962 
29613 
30101 
30102 
30451 
31429 
31569 
31149 
31290 
31359 
31359 
31010 
31429 
31498 
40648 
31219 
31219 
31708 
31219 
31219 
31429 
31219 
31220 
31220 
31219 
32826 
32336 
36248 
36876 
37226 
37645 
32616 
32895 
36039 
32267 
40927 
31708 
33315 
30871 
30800 
30870 
32267 
36318 
31359 
34851 
32686 
33105 
31009 
31638 
30731 
30870 
30800 
31150 
33314 
31080 
30940 
30800 
31289 
30940 
31079 
31289 
31080 
31150 
32477 
31289 
31150 
31289 
31010 
31150 
31149 
31080 
31150 
31009 
31639 
31359 
31079 
31359 
31498 
31219 
31289 
30241 
49867 
31569 
31708 
33314 
34642 
30870 
30940 
31359 
31289 
31150 
31010 
31498 
31220 
31010 
31080 
31499 
31080 
31149 
31289 
31289 
31289 
44909 
31359 
31429 
31219 
32057 
42254 
31080 
31079 
31009 
31010 
31010 
31080 
31080 
31289 
31429 
31429 
31219 
31289 
31219 
38971 
31359 
31150 
31219 
31080 
12222 
32756 
13829 
12222 
12153 
12222 
31010 
31359 
32128 
32057 
32267 
41556 
32197 
32616 
32686 
33594 
33664 
33314 
34013 
33803 
36877 
12851 
33943 
33734 
12851 
12222 
32686 
32546 
21302 
21651 
21372 
26470 
37086 
35549 
32825 
21581 
26819 
32825 
26610 
32686 
32686 
32686 
32965 
32756 
32895 
32756 
33175 
32686 
32965 
32756 
32895 
32756 
32686 
33035 
32686 
33315 
30311 
30800 
31848 
32756 
32965 
37296 
33873 
35201 
32546 
32756 
32546 
33105 
32477 
32686 
70540 
32546 
32546 
32756 
42744 
32826 
32616 
32686 
32826 
32477 
32826 
35131 
32267 
31709 
12153 
32616 
32966 
12362 
34082 
32547 
33454 
32616 
32826 
32826 
32616 
33454 
32616 
32826 
32546 
32616 
32546 
32686 
36248 
37016 
32477 
31219 
31149 
31150 
31150 
31219 
31569 
31289 
31219 
31290 
31428 
31359 
31219 
31499 
32197 
30591 
31289 
32336 
31150 
31289 
31219 
31289 
31359 
32057 
31499 
31219 
32477 
33385 
33036 
34222 
33315 
35689 
34222 
13480 
13898 
13758 
11804 
19626 
18159 
18858 
17251 
18158 
16133 
16832 
31010 
34711 
31149 
31290 
31289 
31359 
31429 
31220 
31499 
31639 
37715 
40648 
36946 
36807 
13969 
14806 
12991 
15714 
31778 
32477 
32337 
32337 
32407 
39810 
13549 
12432 
34502 
12292 
31779 
32337 
32267 
32197 
12362 
32477 
32267 
32406 
26331 
31429 
35759 
31918 
32058 
12222 
12222 
32058 
32826 
27936 
27936 
32267 
32197 
32057 
32128 
31359 
32197 
32406 
31987 
32336 
46026 
32337 
33035 
34083 
34921 
34153 
35061 
35340 
36039 
36248 
36108 
35759 
39810 
38274 
40299 
35829 
38622 
35759 
38413 
34571 
34781 
34782 
35200 
34642 
34781 
34991 
35759 
44979 
35061 
41486 
39670 
34781 
35060 
35200 
34711 
34642 
35829 
35689 
34990 
34782 
35200 
34921 
39461 
38553 
36318 
36039 
34641 
41556 
34852 
34781 
39181 
34852 
34852 
36737 
37575 
37575 
37435 
37784 
37435 
38134 
39600 
40369 
43931 
38902 
38552 
39530 
38763 
38763 
57899 
39321 
40019 
39950 
40159 
39880 
38692 
50217 
38623 
39670 
38413 
38902 
43652 
42394 
46584 
38832 
38832 
38762 
38693 
38692 
38623 
38692 
38623 
37505 
37365 
37854 
37505 
37715 
37645 
37505 
37435 
37715 
37575 
37645 
37575 
37784 
37924 
39252 
52102 
38972 
38832 
39042 
39111 
38762 
38693 
38832 
38833 
39251 
38832 
38133 
38972 
40299 
37435 
36527 
36667 
36457 
36528 
58178 
46655 
36667 
36387 
36457 
36458 
36388 
36388 
36527 
36457 
36318 
36387 
36667 
36457 
36388 
36387 
36318 
36318 
36807 
38064 
40509 
36528 
36457 
36527 
36388 
36457 
36667 
36528 
36947 
37715 
37505 
37645 
37505 
41137 
36947 
37574 
37575 
37645 
38692 
39740 
40369 
37785 
37645 
37645 
37505 
37715 
37505 
36457 
36318 
36458 
36317 
36248 
36318 
36457 
36458 
36248 
36388 
36387 
36247 
36387 
36667 
36527 
36527 
36387 
36527 
37366 
36667 
36457 
36528 
36528 
36597 
36458 
45607 
36458 
36388 
36527 
36458 
36457 
36877 
37855 
38693 
38902 
39810 
38623 
39041 
38553 
38972 
38622 
44070 
44489 
38553 
38762 
38692 
38552 
38902 
38692 
38623 
38553 
38692 
38273 
38692 
38762 
38622 
38553 
38971 
39600 
38832 
38763 
15016 
14807 
14527 
14388 
38762 
16972 
24305 
38762 
39461 
38762 
38623 
38623 
38622 
38692 
39042 
38972 
38692 
39182 
38762 
38972 
38762 
39949 
40509 
39181 
38972 
39251 
38902 
38064 
58039 
37994 
38134 
38902 
39251 
38832 
39251 
38832 
40089 
39111 
39391 
39042 
38413 
39740 
38623 
39042 
39041 
39461 
39321 
39391 
39112 
39181 
39112 
39461 
39112 
39041 
39391 
39111 
52800 
39112 
39321 
39321 
39182 
38063 
38972 
37994 
37924 
38134 
38832 
38133 
38063 
38203 
38413 
39181 
39042 
39042 
47143 
39112 
39321 
39670 
39391 
39391 
39391 
39600 
53290 
39321 
39530 
39531 
39460 
41137 
38972 
41975 
39810 
39181 
40439 
39671 
40438 
44560 
43442 
40509 
37854 
37715 
37644 
37575 
37784 
37854 
36947 
37575 
37784 
37435 
37575 
37924 
37645 
37505 
37365 
37994 
37784 
37645 
37785 
37575 
37994 
37785 
37994 
39042 
38832 
38693 
38762 
39111 
40927 
39880 
40089 
39949 
39879 
39880 
39809 
39810 
52870 
39181 
39879 
40228 
39880 
40159 
39182 
40020 
39879 
39880 
40229 
54058 
39601 
39949 
40229 
39950 
39461 
40020 
40159 
38972 
39740 
40298 
42673 
58597 
40229 
42884 
45886 
39600 
31987 
40788 
32337 
39600 
39670 
39740 
39880 
39670 
39111 
40439 
41207 
59784 
41556 
42673 
43860 
44560 
44419 
44908 
46096 
46026 
46235 
45886 
46864 
45747 
46934 
46165 
56293 
46096 
44978 
45747 
45747 
45747 
45747 
46165 
55524 
46096 
45956 
46166 
45956 
45816 
45886 
55384 
53080 
22209 
21442 
22978 
20883 
23677 
44419 
25213 
44699 
44559 
44838 
44490 
43581 
43232 
43232 
43512 
43930 
44559 
44559 
49308 
49797 
44489 
21861 
18159 
49448 
16134 
16064 
56921 
44489 
45606 
44279 
44559 
44420 
44978 
44490 
44490 
44908 
46166 
44769 
54686 
44699 
54198 
44768 
44419 
44699 
44559 
44420 
43651 
44629 
44420 
44489 
44419 
44769 
44559 
44489 
45048 
46026 
46725 
49658 
46444 
70051 
46445 
49099 
47842 
43651 
47702 
48540 
63905 
45537 
46165 
16902 
33664 
36458 
76198 
56991 
50985 
51963 
49658 
49657 
50146 
46654 
50216 
46515 
46445 
49868 
46585 
46585 
46585 
46655 
46654 
46585 
46724 
46654 
46654 
50077 
46655 
46724 
47004 
46864 
46584 
46933 
46724 
46724 
53080 
47422 
50566 
55524 
53639 
23048 
27658 
20952 
21581 
46375 
24864 
64185 
39810 
46655 
46375 
46794 
47702 
47702 
47633 
46375 
46514 
46514 
46585 
46515 
46654 
50984 
46863 
50775 
47562 
83391 
47352 
47632 
47143 
48330 
47423 
47143 
45817 
45327 
45257 
45817 
45188 
44978 
45327 
45187 
45188 
74242 
45187 
45467 
45327 
45328 
45606 
45397 
45397 
45747 
45327 
45257 
44140 
45398 
45258 
44978 
44140 
44070 
45327 
46026 
45607 
45398 
60064 
45327 
45187 
45258 
45328 
45537 
45607 
46445 
46655 
46654 
46375 
54546 
45467 
45187 
44908 
45257 
45117 
45048 
45258 
45327 
45676 
47842 
47353 
49098 
54197 
57131 
57480 
21162 
19695 
18020 
19206 
22698 
34362 
26680 
25911 
23886 
28914 
28076 
30800 
30870 
30940 
43162 
37226 
42883 
37575 
43581 
43581 
37226 
44908 
45188 
44978 
45118 
44909 
44908 
44210 
44070 
47772 
44070 
44280 
44629 
43860 
154072 
44420 
44279 
44350 
44279 
44350 
44419 
56922 
44629 
44419 
44490 
47632 
47353 
44210 
44420 
44699 
44280 
43930 
44349 
44280 
44210 
44769 
44349 
44280 
44140 
44349 
44559 
44350 
48750 
44629 
44490 
44280 
44489 
49238 
51893 
44419 
44210 
45607 
45258 
45606 
45677 
44978 
45397 
45607 
45048 
45746 
44349 
44349 
43372 
44070 
44489 
44419 
44559 
44699 
54686 
44140 
44000 
43721 
44768 
44489 
44000 
44420 
44419 
43581 
49308 
77943 
44490 
44420 
44978 
44559 
44420 
49378 
44489 
44419 
44420 
44560 
44489 
44490 
52241 
44489 
48959 
53569 
44560 
44350 
43930 
46654 
44838 
45746 
45117 
45746 
45677 
58947 
47213 
45677 
45956 
45816 
45886 
45746 
54757 
45537 
45676 
45886 
45955 
46724 
57829 
47842 
46166 
49937 
56293 
57619 
44279 
45537 
44350 
44280 
44559 
44419 
44349 
44560 
44490 
44699 
44629 
44768 
45537 
44489 
44420 
44559 
44419 
44489 
44419 
44629 
44490 
44559 
44489 
44489 
44490 
44349 
45048 
45816 
44978 
64604 
45607 
45537 
45887 
45817 
46026 
45956 
45048 
45956 
45746 
45747 
45747 
46026 
44838 
45607 
44909 
45746 
44908 
44699 
45676 
55455 
44908 
45677 
45606 
45886 
46166 
45746 
45677 
45676 
46096 
45607 
45817 
45747 
45747 
65651 
45746 
45816 
45607 
48960 
45676 
45537 
45536 
45606 
45607 
45537 
45886 
45536 
45328 
56084 
46235 
47073 
46166 
47074 
47283 
47003 
46934 
47004 
46934 
46934 
47004 
46933 
45467 
45816 
46514 
46655 
46794 
46445 
46445 
46725 
46165 
47283 
56013 
47074 
46585 
46584 
46306 
46724 
46724 
46864 
47004 
45886 
47004 
46655 
50705 
46026 
48051 
47004 
47073 
46864 
56083 
45816 
46445 
45118 
45956 
46026 
46026 
45956 
45467 
56083 
22350 
23537 
24654 
24445 
24655 
23676 
25772 
24375 
22978 
22629 
23816 
22699 
48051 
47213 
47143 
47213 
40718 
40787 
47283 
47143 
47493 
47213 
47283 
47213 
47353 
47422 
51963 
47493 
47563 
17251 
46794 
50496 
47214 
39670 
50076 
56223 
46864 
47004 
45746 
46794 
51334 
50147 
47982 
47981 
49169 
48680 
48889 
49657 
50007 
49099 
48750 
47143 
48051 
47772 
54617 
53359 
54337 
54546 
48260 
48261 
48051 
48190 
55525 
49448 
52521 
48401 
51893 
47772 
47423 
47702 
47492 
47353 
47493 
47562 
60414 
47702 
47143 
47632 
46724 
47423 
48191 
26540 
46794 
47563 
38413 
37644 
47632 
41276 
56852 
47911 
47702 
50216 
41207 
47842 
56991 
55943 
56572 
50985 
50706 
52381 
55943 
50217 
49099 
49029 
49029 
49378 
49099 
49378 
48400 
52801 
49448 
49518 
49378 
49448 
49378 
49309 
49518 
49518 
49728 
49448 
49518 
49448 
49588 
49658 
49518 
67816 
58667 
49658 
49448 
49518 
49448 
49448 
49588 
58248 
58667 
49378 
49797 
49657 
48679 
49587 
68864 
49518 
49518 
49518 
49588 
49867 
49588 
49448 
51264 
50984 
56782 
51823 
51822 
61881 
53918 
52172 
51963 
51823 
51264 
52172 
51473 
52172 
51963 
52032 
52311 
61671 
56641 
52032 
52033 
18997 
18927 
26191 
52032 
26260 
37435 
51963 
53150 
53150 
52381 
52172 
52171 
51962 
52102 
70540 
51962 
52242 
56362 
52033 
52312 
52381 
52521 
54616 
53079 
52451 
53499 
53708 
52242 
51753 
50496 
53708 
50705 
50705 
51613 
51613 
60833 
51054 
51054 
52102 
52311 
52451 
52800 
52032 
52172 
52102 
52172 
52102 
52102 
52102 
52032 
52102 
52102 
52382 
52381 
52451 
52241 
52102 
52102 
52032 
52032 
52312 
51753 
52801 
52451 
51333 
51055 
50984 
50914 
51263 
50984 
50915 
51055 
67746 
51054 
50984 
50985 
57270 
20883 
19137 
18857 
19206 
19416 
54058 
21441 
52661 
38344 
38203 
38692 
53429 
38203 
52452 
45886 
53499 
53638 
53429 
53639 
52800 
53848 
52381 
61670 
53499 
53429 
53499 
59435 
56711 
57759 
58039 
32965 
54128 
38622 
57061 
53638 
53778 
53778 
53778 
53778 
53709 
63347 
74312 
55175 
55036 
50705 
44629 
47632 
48609 
55455 
55175 
54197 
55454 
54128 
53848 
55385 
56502 
56502 
70121 
58039 
58248 
58108 
58248 
56223 
56153 
56083 
56083 
56153 
56153 
56432 
56223 
56502 
80108 
56222 
56572 
56433 
56223 
56083 
56223 
56223 
55105 
56222 
56292 
56292 
56014 
56223 
62019 
56013 
56083 
56013 
56223 
56292 
56153 
55943 
97220 
56083 
56083 
56153 
56222 
56293 
56223 
56083 
56083 
57131 
57968 
58179 
56851 
58038 
56851 
57759 
57620 
57619 
57619 
57689 
83811 
60413 
60413 
59226 
59016 
68166 
55524 
55036 
55245 
54965 
55524 
56851 
57271 
56851 
56851 
56363 
56502 
56642 
56712 
56502 
56293 
56712 
56502 
55454 
56711 
56432 
56432 
56712 
56502 
56362 
56782 
56502 
56432 
56433 
56433 
56921 
57550 
56851 
56432 
57270 
57759 
57270 
58248 
58668 
58178 
70680 
56433 
56642 
56363 
55455 
56782 
56432 
56712 
56502 
55105 
55035 
55385 
58598 
55803 
58806 
64464 
66979 
60902 
58667 
58108 
58597 
58597 
57201 
82763 
19905 
62439 
61811 
56293 
63835 
56153 
56083 
56363 
56292 
56432 
56362 
56293 
63347 
64045 
58807 
56712 
56502 
56921 
20254 
20254 
20393 
20743 
57759 
20394 
26889 
58178 
42813 
51125 
48122 
59366 
51403 
66699 
59784 
59855 
59505 
59855 
59505 
59505 
59855 
64394 
59575 
67467 
69982 
29473 
24026 
74731 
21511 
22140 
31289 
59226 
59854 
59435 
73124 
59436 
59575 
58807 
60203 
58458 
58598 
57270 
58388 
59296 
58248 
58248 
58388 
58178 
58178 
58388 
58178 
56013 
55943 
57480 
58807 
69772 
59714 
67118 
61461 
67747 
24445 
24235 
24794 
62579 
25143 
21511 
23187 
24934 
25982 
58527 
58178 
24654 
24724 
41905 
41486 
47981 
23816 
42394 
58876 
21371 
21371 
68585 
58947 
58807 
58737 
59785 
59156 
60483 
60273 
60344 
63207 
60134 
61251 
21861 
21860 
25493 
21931 
60483 
84439 
56502 
60274 
60273 
60553 
62229 
62090 
63696 
62159 
71099 
63417 
63416 
61670 
61810 
61252 
22279 
22280 
22349 
61810 
38064 
61601 
53289 
61601 
61461 
61671 
60274 
61182 
62159 
61181 
61182 
61391 
61391 
61111 
61252 
61251 
61321 
61181 
61182 
61182 
61182 
61252 
61042 
61182 
61251 
61252 
61601 
61182 
59994 
59855 
21791 
59924 
59784 
60134 
57061 
58667 
51683 
58807 
59855 
59784 
68864 
59855 
59575 
60134 
59156 
66001 
62019 
60553 
59855 
59714 
59854 
58108 
58038 
58109 
58039 
58109 
58108 
58108 
56782 
56572 
56572 
55385 
56432 
56293 
55315 
56223 
56293 
56362 
56293 
56293 
56362 
56292 
56362 
56293 
56851 
56502 
56502 
60762 
56363 
56502 
56432 
56293 
56293 
64604 
61950 
56153 
57131 
57131 
57201 
57201 
57201 
56293 
64673 
60902 
64184 
23536 
23606 
23676 
23746 
23118 
57200 
20743 
21092 
20394 
22420 
55384 
22350 
55384 
33664 
54128 
38833 
52801 
46515 
46724 
46305 
47422 
47353 
54895 
46306 
54546 
62438 
61530 
53429 
53220 
53010 
52940 
52242 
52940 
52800 
52801 
52731 
52731 
52800 
52591 
52731 
53150 
54197 
54128 
53988 
54058 
62648 
62789 
53708 
63556 
54686 
54965 
55175 
54896 
55524 
54687 
54756 
54756 
54896 
62440 
55105 
55106 
54966 
55036 
55175 
55594 
55664 
55664 
55315 
55245 
54686 
55943 
54686 
55664 
63277 
55734 
55524 
55524 
55595 
55664 
56153 
60204 
55525 
55873 
55873 
55734 
55803 
55594 
55594 
55594 
53918 
54198 
54197 
55175 
55175 
55106 
55105 
55525 
55315 
53918 
55036 
54756 
53848 
53499 
54896 
55455 
56153 
56153 
56293 
56013 
55943 
56013 
55944 
54477 
55454 
55524 
55524 
55524 
55944 
56083 
56712 
61531 
67676 
63207 
55594 
55455 
55455 
55943 
55944 
56502 
55455 
55524 
55734 
55594 
55734 
55664 
55524 
55385 
76617 
62928 
22768 
53150 
54617 
55315 
55314 
55524 
55314 
54477 
55385 
55454 
55385 
55314 
54476 
55455 
55314 
55315 
20184 
20185 
20184 
20184 
55384 
55385 
61321 
55314 
55245 
55664 
55664 
48052 
20254 
55385 
55594 
20184 
22000 
20185 
55315 
55245 
66559 
47702 
55315 
63207 
55314 
55384 
55594 
55664 
55315 
54477 
55385 
55384 
55385 
64883 
55315 
55944 
56712 
56782 
56851 
60064 
56851 
56921 
57619 
58597 
59296 
63416 
58667 
67816 
58807 
58598 
59017 
58667 
58667 
58947 
58597 
57899 
58737 
58947 
58807 
64534 
57620 
58457 
58597 
58458 
67188 
58877 
59576 
58597 
58597 
58598 
57340 
57270 
57131 
57130 
62508 
71518 
57410 
57480 
64743 
23467 
20883 
22419 
21022 
56223 
55734 
55943 
41137 
57130 
56222 
20673 
56152 
20394 
57201 
56013 
46095 
57061 
57479 
56851 
63346 
58108 
58039 
57968 
57759 
57061 
57830 
58807 
57760 
57690 
57689 
56712 
55175 
56222 
56153 
56013 
55943 
56013 
56013 
56013 
65023 
56013 
55873 
56571 
55943 
64324 
56083 
55664 
56851 
58109 
58458 
63556 
58388 
58178 
58108 
58108 
56642 
57130 
59086 
58179 
58876 
59645 
79131 
59575 
59785 
59645 
59575 
72636 
59506 
59785 
59784 
59994 
59645 
60204 
59506 
59435 
68445 
59506 
59784 
59925 
59506 
59506 
59575 
59506 
59994 
58248 
58108 
58038 
58318 
58178 
67956 
58248 
58318 
56991 
56921 
56711 
56572 
56572 
70331 
56642 
56572 
56991 
56781 
56572 
56712 
65652 
54686 
55594 
56921 
56921 
56711 
56711 
57270 
58458 
57061 
57759 
57899 
58109 
57899 
56432 
56433 
56502 
61111 
56852 
56432 
56502 
56572 
55384 
55385 
56432 
63556 
56432 
56362 
64464 
56432 
20533 
20115 
20533 
20464 
24096 
56292 
63556 
40508 
56293 
46864 
56292 
55315 
40438 
43791 
56293 
56432 
56363 
56293 
64115 
56432 
56292 
57759 
55594 
56641 
57131 
58038 
56432 
56293 
55384 
54826 
65094 
55524 
54966 
64953 
55175 
54966 
54686 
54756 
55035 
54547 
56922 
54407 
55594 
55105 
55105 
54197 
55175 
55175 
55035 
55524 
55455 
54965 
55315 
55105 
55105 
55384 
55384 
55105 
53848 
53639 
53918 
53848 
52870 
51963 
51963 
52172 
51893 
56292 
50775 
51334 
51263 
50006 
50356 
50495 
52102 
53080 
53150 
53010 
52312 
59575 
54337 
53569 
54197 
53499 
53149 
53429 
54267 
53359 
53080 
53429 
52242 
52033 
51823 
52102 
51822 
51823 
67537 
51823 
51753 
52172 
51753 
56641 
52172 
52102 
57759 
51822 
50915 
51753 
51823 
52172 
51892 
51823 
51822 
51823 
51893 
51962 
51823 
51752 
56852 
52032 
51822 
54476 
51963 
52382 
53289 
53359 
53289 
53568 
61182 
53010 
53079 
53079 
53010 
53150 
52452 
52311 
53360 
53359 
53290 
60204 
53219 
53289 
53220 
53290 
52382 
53359 
53429 
52521 
53569 
53220 
53219 
53150 
53289 
53359 
53290 
53080 
53149 
53918 
54198 
54058 
59296 
53988 
53987 
52521 
58598 
52591 
52451 
52591 
52451 
52661 
52521 
52870 
53220 
54337 
55454 
56083 
54826 
54616 
55315 
56153 
55804 
63975 
64255 
64046 
55664 
55385 
55455 
55524 
64114 
55454 
55454 
55315 
55315 
92122 
52871 
53150 
53150 
53219 
51404 
51404 
51543 
51473 
51404 
51474 
51474 
51473 
51403 
60483 
51194 
51334 
51404 
51333 
51404 
51683 
51264 
51403 
51333 
51334 
51333 
51544 
51613 
50146 
50705 
49309 
48959 
50007 
58388 
49798 
49099 
50007 
57899 
50007 
49728 
22000 
59296 
21441 
18369 
24724 
49797 
32476 
32058 
32546 
49797 
49797 
35899 
43022 
61251 
49308 
61042 
58039 
49379 
49448 
49658 
50495 
49448 
49518 
49378 
49378 
49657 
50007 
49588 
49657 
49657 
49308 
49378 
49309 
49308 
49379 
49308 
49518 
49657 
47842 
48470 
48609 
143455 
50635 
50216 
51194 
51055 
51124 
51892 
53150 
52312 
52451 
52871 
52940 
53220 
52940 
52870 
52870 
52870 
52941 
53150 
53010 
71588 
52871 
52870 
52940 
53010 
62020 
53010 
53359 
53498 
53290 
53080 
52940 
53080 
51473 
52661 
52591 
52661 
52591 
52591 
52521 
52591 
52591 
56433 
53079 
52661 
52591 
53359 
51404 
51683 
51614 
171881 
50356 
58597 
50985 
55245 
51194 
54826 
59296 
58877 
54966 
53220 
53918 
54058 
53988 
54197 
54057 
53848 
54057 
54198 
54896 
54267 
53987 
54267 
53918 
53150 
54058 
54407 
54058 
53988 
54197 
55035 
53779 
53918 
52731 
54267 
53918 
22070 
53848 
53988 
53010 
53708 
53709 
53779 
53779 
53918 
53988 
53918 
53918 
54477 
55455 
55315 
54546 
55315 
55315 
55175 
55525 
60343 
55385 
55804 
55734 
55804 
55804 
55803 
55943 
55384 
55384 
55384 
55455 
55384 
54407 
55315 
55384 
54058 
54617 
54128 
54197 
54198 
54197 
54057 
54128 
52871 
52730 
52661 
52661 
52521 
52661 
52731 
51264 
51683 
51473 
51264 
51334 
51194 
51124 
80318 
51194 
51264 
51125 
51962 
53709 
53569 
54756 
55245 
54616 
54895 
55873 
55664 
55664 
56153 
55804 
55803 
55106 
56014 
56851 
55943 
55873 
55664 
55664 
55804 
55874 
68655 
55804 
55734 
55804 
55664 
55874 
55734 
55664 
55943 
55874 
56083 
55873 
55943 
54686 
53848 
59575 
54546 
54337 
54477 
62857 
54197 
54407 
54337 
52870 
52382 
52731 
52451 
49379 
59296 
52730 
60134 
52522 
52591 
52452 
52382 
52521 
59156 
51124 
52382 
53499 
53360 
53778 
53499 
53499 
52661 
53778 
53569 
53568 
53499 
53498 
53499 
53917 
53499 
53499 
52032 
52032 
52032 
52451 
52032 
52102 
51544 
52102 
52451 
52172 
52032 
52102 
52032 
52102 
52312 
52102 
52032 
51963 
52102 
61531 
52032 
50775 
50984 
48331 
49797 
49797 
50566 
50566 
50566 
50565 
50496 
50985 
50775 
50635 
50565 
49378 
49168 
49238 
49588 
47981 
48331 
47912 
46794 
45467 
46305 
46235 
46655 
46305 
46305 
55036 
46375 
45817 
46584 
46934 
46654 
46724 
46655 
46585 
46514 
47074 
46654 
46724 
46724 
46724 
46724 
46655 
46864 
50216 
46165 
46794 
46026 
46933 
46026 
47143 
47144 
47912 
48191 
48051 
17670 
47981 
57131 
47492 
48331 
48330 
48191 
48261 
48540 
48470 
48540 
49169 
48261 
48331 
49308 
48260 
47632 
48680 
48540 
48470 
47702 
48261 
48401 
48191 
48261 
48191 
48261 
48330 
48400 
48331 
48191 
48261 
48400 
49309 
48540 
48401 
48680 
48401 
48260 
48610 
48470 
48471 
48470 
48610 
48540 
48330 
48819 
49727 
49728 
49797 
49727 
49238 
50146 
50006 
58877 
50077 
50496 
50496 
48959 
48750 
48749 
48819 
48820 
48610 
48610 
49169 
49169 
49169 
49239 
49238 
48331 
48051 
50635 
47912 
47562 
47912 
47702 
46794 
47493 
47492 
47562 
47422 
47423 
47492 
47493 
47492 
47423 
47422 
124179 
56572 
48610 
133398 
47492 
47563 
47422 
46166 
46864 
47633 
47632 
47562 
48541 
47911 
47562 
47632 
47562 
46794 
47772 
47772 
46864 
47562 
47493 
47004 
48610 
47702 
46724 
46305 
53918 
45956 
46794 
47841 
47562 
47563 
47493 
47562 
47772 
46654 
56572 
47632 
47912 
47632 
48540 
47632 
47562 
47911 
47492 
48330 
47702 
47632 
50914 
57691 
47911 
47772 
47562 
47353 
45886 
44629 
44908 
45816 
45816 
45887 
46095 
45886 
45816 
45048 
45327 
44978 
44838 
44140 
42813 
42743 
43721 
42673 
41626 
41556 
42604 
41556 
41625 
41625 
41556 
41835 
41556 
41556 
41696 
41486 
41487 
40089 
38553 
38902 
38972 
38623 
38622 
38902 
38622 
43581 
38762 
38553 
38623 
38623 
37784 
38622 
38552 
38622 
38623 
38553 
37785 
37016 
37645 
38552 
38413 
37715 
38762 
39740 
39740 
38972 
40508 
41486 
41416 
41276 
41277 
41206 
41766 
41626 
41556 
41416 
41346 
41347 
41276 
41346 
41276 
41486 
41765 
41417 
40508 
41277 
41207 
41207 
40089 
40089 
40159 
40159 
40368 
40159 
40089 
40020 
39530 
69981 
40578 
40089 
40089 
40090 
40089 
39181 
39949 
39949 
40089 
38832 
38203 
37924 
37784 
36806 
36807 
38064 
39181 
40438 
41346 
41276 
41626 
46794 
41556 
41486 
41626 
42534 
42464 
42394 
42744 
42464 
42464 
80179 
42394 
42464 
42603 
42464 
42394 
42464 
42604 
42673 
42463 
42533 
42324 
42464 
42464 
42463 
42394 
42464 
42325 
42394 
42394 
42464 
42394 
42394 
42394 
44349 
42744 
42464 
42464 
42673 
43163 
43791 
43931 
43232 
44001 
44140 
43651 
43721 
44629 
43861 
43721 
43721 
44280 
43651 
43860 
43790 
43861 
43791 
43791 
43651 
43582 
43721 
43791 
43651 
43652 
43791 
43721 
43651 
43651 
43651 
42394 
42394 
42533 
42464 
50077 
51125 
42464 
51055 
42813 
42604 
41277 
41137 
41137 
46096 
41695 
41276 
41486 
41067 
41137 
40020 
46025 
41207 
41207 
41067 
41207 
46235 
41207 
40508 
41276 
41626 
41487 
41277 
41207 
41207 
51264 
49867 
49029 
41207 
41346 
47213 
45537 
41416 
15365 
15365 
15366 
41207 
15714 
15715 
26889 
39670 
39600 
39740 
34572 
34502 
34363 
39530 
39670 
38343 
38133 
38064 
38064 
38482 
43371 
38832 
38902 
62160 
39671 
54686 
38623 
38064 
39321 
39391 
38204 
38832 
39181 
38902 
38902 
38901 
21441 
33664 
33734 
33664 
38832 
38902 
38762 
39531 
37784 
36806 
36807 
36946 
36737 
36737 
37086 
36737 
36807 
36876 
36736 
36946 
36877 
36667 
36737 
36737 
36667 
36667 
36737 
36597 
36597 
36946 
37854 
37715 
37086 
37785 
38063 
37715 
36667 
36947 
37086 
37156 
35829 
34991 
34153 
35340 
36178 
36109 
36039 
35969 
36108 
35968 
44908 
36038 
36038 
36039 
35898 
36039 
35480 
36318 
36178 
36038 
41416 
46026 
13689 
13689 
26051 
16831 
36527 
36248 
36457 
24026 
36318 
20045 
19835 
22908 
22978 
23817 
37226 
12781 
12990 
12990 
12920 
34781 
17530 
36597 
22908 
35131 
36178 
36317 
36527 
15155 
14877 
15226 
15156 
14457 
14806 
14038 
13968 
13619 
13410 
13480 
12711 
11175 
12083 
24933 
29263 
31499 
30241 
11314 
30311 
12152 
30381 
30451 
22070 
21441 
30312 
30521 
29892 
30939 
29543 
30521 
30591 
30660 
30730 
30521 
29333 
29194 
29194 
29543 
29264 
29124 
28286 
33943 
29194 
29194 
29333 
29752 
29613 
29054 
29124 
30521 
30661 
30451 
29054 
29404 
30940 
35131 
30660 
39601 
28216 
30661 
28286 
39391 
30521 
32057 
28286 
30451 
30591 
30730 
30521 
30451 
30730 
30521 
30730 
30590 
30940 
29473 
30870 
30661 
31010 
32127 
29194 
28286 
28146 
28495 
28356 
28566 
28425 
28496 
28356 
28705 
28216 
28077 
28146 
28146 
27029 
27169 
27099 
27448 
35899 
25842 
26889 
26121 
25702 
26331 
26889 
26749 
26750 
26749 
26819 
26051 
26121 
25912 
26261 
25911 
26120 
25911 
26120 
25841 
25841 
26191 
25562 
25912 
25842 
25842 
26261 
26121 
25911 
26051 
26121 
25841 
26191 
25632 
25841 
25771 
29333 
25911 
30591 
30940 
11454 
10128 
25632 
9987 
26190 
9918 
25772 
26331 
22350 
25772 
25841 
25702 
25841 
25772 
25632 
25771 
25143 
25632 
26470 
25702 
25771 
26260 
26260 
26331 
26401 
25772 
25771 
25842 
25702 
26191 
26121 
25632 
26120 
25771 
25143 
24724 
29194 
24934 
25213 
25073 
24794 
24793 
24794 
24864 
24794 
24584 
24375 
23955 
23258 
23746 
23676 
23886 
23188 
24934 
24305 
23956 
24305 
24375 
24305 
24305 
23397 
23886 
23956 
24235 
23956 
23886 
23955 
23956 
23816 
23886 
23187 
24166 
23606 
23048 
22908 
22908 
22838 
22908 
23397 
23536 
23327 
23397 
23118 
23048 
22838 
23397 
22909 
23048 
22978 
22908 
23188 
22978 
23047 
23397 
25073 
26261 
23257 
25841 
25842 
26819 
22978 
26051 
23048 
23118 
22908 
22978 
40998 
22978 
23048 
22839 
23048 
22908 
22978 
22140 
22350 
22978 
22908 
22908 
23118 
23047 
27378 
23467 
28216 
23607 
29892 
26400 
23257 
23606 
23397 
22978 
23117 
23048 
22419 
23048 
22838 
22978 
22210 
22978 
23258 
23117 
23118 
22908 
22420 
23606 
23537 
23117 
23746 
23188 
23467 
23537 
23188 
23047 
22978 
22419 
22629 
22559 
22629 
22629 
22629 
22280 
22350 
22210 
22280 
22140 
40858 
22000 
22070 
21581 
22210 
22140 
21302 
21930 
21930 
21721 
21442 
21162 
21581 
21092 
21093 
21651 
21162 
21302 
21581 
21232 
20464 
21093 
20254 
20394 
20604 
20255 
20324 
20254 
20114 
20254 
20184 
20114 
20394 
21442 
20743 
20324 
20184 
20185 
20743 
20324 
20254 
20185 
20254 
20184 
20184 
20743 
20813 
20393 
20254 
19625 
19625 
19277 
18508 
18019 
18159 
18020 
18159 
17600 
17321 
17321 
16972 
18369 
16902 
16971 
16902 
17041 
16692 
18718 
20534 
16832 
16692 
16133 
15994 
16064 
16063 
16064 
15924 
15575 
15296 
15016 
15016 
15365 
15225 
113424 
15086 
15435 
15225 
15086 
15086 
14946 
15086 
15435 
15016 
15366 
15016 
15016 
15016 
15505 
15435 
14457 
15784 
16343 
16413 
14877 
14527 
14318 
14667 
14318 
14597 
14318 
14387 
14458 
14597 
13899 
13619 
13550 
13619 
13060 
12851 
12991 
12432 
13130 
5169 
12292 
12153 
12153 
12153 
12153 
11804 
12223 
13409 
12222 
12292 
12153 
12293 
11804 
11175 
11105 
11734 
11593 
11524 
11524 
11384 
11873 
11873 
12013 
12572 
11523 
11524 
11804 
11943 
12502 
12152 
12501 
12082 
12152 
12571 
11524 
11244 
10965 
13619 
13550 
12991 
14039 
12781 
5587 
8172 
7473 
5727 
4958 
5238 
4959 
10826 
10406 
11105 
11035 
10546 
10826 
10826 
10825 
11105 
4610 
4610 
5238 
10825 
5029 
10896 
7124 
10267 
10127 
10197 
9708 
9079 
9010 
8940 
9079 
9987 
8870 
9149 
8730 
8590 
8520 
8520 
8521 
8450 
8451 
8591 
8520 
8451 
9080 
8311 
8451 
8241 
8381 
8660 
8032 
7962 
8032 
8312 
8032 
8241 
7822 
7752 
7333 
8520 
7752 
8730 
7542 
7543 
7194 
8381 
7124 
8521 
7403 
7403 
7473 
7893 
7473 
7403 
7333 
22070 
7334 
7473 
7473 
7264 
7264 
7264 
6775 
6914 
6216 
6495 
6495 
6495 
6356 
6426 
6844 
6705 
6705 
6635 
6495 
6635 
6635 
6635 
6635 
6356 
6147 
6356 
6146 
6216 
6216 
6565 
6635 
6565 
6356 
5866 
5867 
6146 
6146 
5937 
5867 
5727 
5727 
5797 
5797 
5657 
5448 
5587 
6076 
6077 
5936 
5168 
5378 
5308 
5377 
5239 
6006 
4609 
5588 
5448 
4819 
4260 
4260 
4609 
3842 
4051 
4959 
4400 
4261 
4051 
4120 
4260 
4260 
4261 
4330 
4190 
4191 
4260 
4330 
4191 
4191 
4191 
4120 
4121 
4121 
4261 
3981 
4749 
4400 
4260 
4120 
5378 
4121 
4190 
4121 
4191 
4261 
4190 
4400 
3842 
3841 
4050 
4051 
3702 
3632 
3562 
4470 
4610 
4051 
3562 
3562 
3422 
3492 
3353 
3562 
3911 
3702 
4121 
3632 
3073 
2934 
2933 
3003 
3003 
3003 
3003 
3003 
3143 
2864 
2584 
3981 
2724 
2584 
2654 
2864 
2514 
2375 
2514 
2375 
2305 
2095 
2165 
1955 
1816 
1606 
1606 
1536 
1467 
1537 
1606 
1536 
1607 
1747 
1397 
1466 
1397 
1257 
1257 
1536 
1466 
1187 
1257 
1257 
1117 
1187 
978 
1117 
1258 
1048 
978 
1816 
1467 
1327 
1467 
1048 
1397 
838 
838 
768 
768 
908 
839 
768 
698 
768 
229430 
908 
838 
908 
1327 
978 
908 
908 
1188 
1187 
908 
1188 
1118 
698 
768 
769 
838 
699 
698 
699 
698 
698 
698 
1187 
1117 
978 
