2654 
1188 
977 
908 
839 
1955 
978 
978 
768 
698 
769 
698 
768 
1188 
908 
978 
768 
908 
1048 
908 
839 
1187 
908 
978 
838 
769 
838 
1187 
978 
1886 
1187 
908 
838 
838 
1048 
1048 
908 
908 
1048 
908 
838 
1117 
908 
907 
768 
839 
699 
1048 
1048 
1047 
908 
1048 
838 
1118 
699 
838 
1117 
1117 
908 
838 
907 
977 
1257 
699 
699 
768 
768 
769 
768 
1048 
908 
978 
839 
698 
838 
1048 
1118 
1257 
838 
768 
838 
1118 
977 
908 
908 
1117 
1187 
838 
1048 
908 
838 
838 
838 
768 
838 
769 
1187 
1048 
838 
838 
1048 
1117 
908 
908 
978 
1396 
1397 
1955 
1396 
1048 
977 
908 
1258 
1257 
977 
978 
838 
978 
978 
908 
768 
977 
838 
838 
908 
768 
1327 
1327 
978 
978 
977 
1327 
1257 
1117 
1048 
1048 
1257 
1187 
978 
838 
1258 
1397 
1047 
1048 
1187 
1048 
907 
1258 
1257 
978 
1187 
1117 
1397 
1466 
1537 
1536 
1327 
1397 
1187 
1187 
908 
1327 
1117 
2025 
1118 
1118 
1397 
11105 
1047 
1118 
1327 
1187 
978 
1117 
1117 
1047 
978 
978 
1466 
1258 
1118 
1117 
977 
1396 
1117 
1117 
1047 
1118 
1048 
1466 
1466 
1188 
908 
1467 
1327 
1048 
1467 
1396 
1187 
1397 
1397 
1677 
1746 
1397 
1327 
1257 
1187 
1816 
1536 
1677 
1187 
1607 
1327 
1187 
1606 
1327 
1187 
1187 
1187 
1117 
1187 
1048 
1117 
1187 
1187 
1327 
1746 
1397 
1257 
1396 
1746 
1537 
1467 
1537 
1536 
1258 
1536 
1327 
1327 
1677 
1536 
1327 
1257 
1327 
1117 
1676 
1397 
1257 
1257 
1187 
1536 
1536 
1257 
1607 
1466 
1467 
1258 
1816 
1466 
1397 
1397 
1397 
1397 
1397 
1816 
1676 
1397 
1885 
1676 
1607 
1746 
2026 
1257 
1257 
1816 
1536 
1327 
1816 
1607 
1606 
908 
1397 
2095 
1257 
1746 
1048 
1397 
1327 
1397 
1187 
1257 
1257 
1257 
1257 
1396 
1537 
1816 
1397 
1397 
1327 
1537 
1885 
1676 
1536 
2026 
1746 
1886 
1606 
1397 
1466 
1886 
1746 
1607 
1536 
1536 
1537 
1466 
1606 
1537 
2025 
1606 
1466 
1536 
1537 
1537 
1466 
1397 
1886 
1746 
1537 
1606 
1676 
1606 
1955 
2095 
1955 
1955 
1816 
1816 
1886 
1537 
2026 
1676 
1536 
1955 
1816 
1606 
1886 
1746 
1467 
1816 
2095 
1816 
1676 
1536 
1606 
2096 
1816 
1816 
2025 
2095 
2095 
1816 
1676 
2235 
1816 
1746 
2235 
1886 
1886 
1886 
1746 
1886 
1746 
1677 
1607 
1746 
1607 
1606 
1746 
2724 
2025 
1816 
1746 
2235 
1955 
1677 
1746 
1956 
2165 
1886 
1816 
2095 
1956 
1816 
1816 
1746 
2095 
1886 
2095 
2025 
2235 
2095 
2095 
2025 
1956 
2026 
2444 
2165 
2165 
1955 
2374 
2095 
2375 
2165 
1956 
2026 
2025 
2025 
2025 
1956 
1956 
1956 
1816 
1816 
2235 
2095 
2723 
2026 
1956 
1956 
2096 
1956 
2305 
2025 
2794 
2724 
1885 
1885 
1815 
1886 
1746 
2444 
2165 
2305 
2165 
1816 
1816 
1816 
1956 
2375 
2444 
2235 
2165 
2235 
2025 
2096 
2095 
2025 
2095 
2025 
2025 
2166 
2584 
2375 
2654 
2444 
2654 
2654 
2653 
2654 
2375 
2445 
2305 
2375 
2165 
2305 
2165 
2026 
2305 
2305 
2025 
2095 
2584 
2374 
2654 
2584 
2445 
2375 
2096 
2654 
2375 
2515 
2305 
2654 
2444 
2305 
2095 
2165 
2654 
2444 
2724 
2445 
2445 
2864 
2584 
2305 
2375 
2514 
2375 
2305 
2235 
2305 
2793 
2654 
2445 
2863 
2654 
2444 
2793 
2584 
2584 
2445 
2794 
2585 
2515 
2444 
2934 
2445 
2933 
1746 
2444 
2235 
2724 
2724 
2933 
2584 
2444 
2445 
2794 
2584 
3003 
2793 
2863 
2514 
2584 
2514 
2444 
2933 
2445 
20324 
2724 
3143 
3143 
2724 
2584 
3212 
2794 
2654 
2654 
2515 
2514 
2515 
2654 
3073 
2724 
2794 
2515 
2724 
3702 
3841 
2724 
4260 
3143 
3073 
3143 
2724 
2863 
2723 
2654 
2584 
2514 
3003 
2724 
3004 
2724 
3143 
2794 
2654 
2514 
3073 
3073 
2794 
2584 
2514 
3143 
2794 
2724 
2654 
2933 
3003 
3143 
3282 
3073 
2933 
2934 
2864 
3073 
2793 
2863 
3423 
3143 
3492 
3212 
3631 
3353 
3143 
3073 
3073 
3073 
3353 
3213 
3143 
3353 
3143 
3073 
3352 
3073 
3074 
3353 
3073 
3003 
3422 
3073 
3074 
3004 
3493 
3352 
3142 
3003 
2933 
3422 
3073 
2863 
3003 
3073 
3003 
2934 
2864 
2933 
3562 
3772 
3562 
3422 
3771 
3492 
3493 
4330 
3772 
3702 
3352 
3701 
3492 
3562 
3771 
3422 
3702 
3562 
3492 
3423 
3702 
3353 
3702 
3422 
3352 
3353 
3631 
3562 
3702 
3422 
3422 
3353 
3213 
3352 
3143 
3143 
3283 
3143 
3701 
3492 
3492 
3492 
3632 
3422 
3352 
3352 
3213 
3771 
3492 
3422 
3631 
3771 
4609 
5937 
5238 
4401 
3492 
3702 
3632 
3632 
3492 
3632 
3911 
3771 
3631 
3632 
3631 
3632 
3422 
3422 
4120 
3981 
3772 
3632 
3702 
3632 
3492 
3702 
4120 
4051 
3842 
3981 
3911 
3701 
3702 
3631 
3422 
3492 
3702 
4051 
3701 
3631 
3423 
3771 
3981 
3771 
3772 
3702 
3632 
3422 
4051 
4261 
5029 
5029 
4889 
4121 
4051 
4400 
4121 
4190 
4121 
4400 
4190 
4121 
5098 
4191 
4121 
4051 
4400 
4190 
4051 
4051 
5099 
4260 
4051 
4051 
3911 
3841 
3702 
3772 
3772 
5098 
5098 
4261 
4051 
4121 
4120 
5099 
5098 
4959 
4959 
4121 
4120 
4470 
4260 
4190 
4051 
4400 
4121 
3981 
4330 
4540 
4470 
4680 
5377 
4470 
4540 
5518 
5518 
5378 
4680 
5239 
4679 
5448 
5378 
5448 
5448 
4540 
4539 
4400 
5447 
4539 
4679 
4749 
4470 
4889 
5657 
5448 
4750 
5308 
4680 
4470 
4400 
4470 
4260 
4400 
4260 
4400 
4191 
4260 
4260 
4191 
5448 
5447 
5378 
5447 
5448 
5448 
5378 
5378 
5727 
6216 
5658 
6007 
5447 
5517 
5657 
5377 
5448 
5377 
5587 
5448 
5308 
5727 
5657 
5657 
5727 
5727 
5797 
5587 
5657 
5797 
5727 
5727 
5588 
5588 
5657 
5867 
5727 
5587 
5797 
5797 
5727 
5936 
6076 
5797 
5867 
5867 
5797 
5867 
5797 
5867 
5867 
5797 
5796 
5867 
5796 
5797 
5796 
5867 
5937 
6356 
6286 
6286 
6355 
6356 
6286 
6286 
6355 
6355 
6426 
6285 
6076 
6356 
6285 
6216 
6286 
6216 
6356 
6285 
6356 
6286 
6355 
6286 
6356 
6915 
7124 
6356 
6286 
6286 
6147 
6356 
6146 
6146 
6355 
6216 
6285 
6216 
6146 
6286 
6076 
6076 
6356 
6286 
6355 
7124 
6286 
6216 
6146 
6286 
6496 
6635 
6774 
6705 
6775 
6705 
6775 
6705 
6775 
6635 
6634 
6565 
15854 
6565 
6355 
6774 
6705 
6705 
6635 
6774 
6705 
6565 
6775 
6635 
6774 
6775 
15994 
6775 
6844 
6775 
6775 
6705 
6635 
6635 
6775 
6775 
6774 
6774 
6565 
6775 
6705 
6565 
6635 
6356 
6775 
6705 
6635 
6635 
6775 
6704 
6705 
7194 
7194 
7124 
7123 
7124 
7055 
7124 
7264 
7264 
7334 
7194 
7193 
7123 
7264 
7124 
7194 
7194 
7193 
7194 
7194 
7123 
7264 
7193 
7194 
7263 
7194 
7124 
7124 
7264 
7194 
7123 
7263 
7263 
7124 
7194 
7124 
7054 
7264 
7193 
7124 
7124 
7054 
7194 
7054 
7263 
7193 
7124 
7124 
7892 
7334 
7753 
7752 
7682 
7683 
7683 
7753 
7683 
7683 
7752 
7612 
7543 
6425 
8521 
7752 
7682 
7612 
7613 
7753 
7753 
7543 
7613 
7543 
7543 
7543 
7333 
7683 
7543 
7543 
7683 
7543 
7543 
7753 
17879 
7543 
7543 
7404 
7682 
7543 
7752 
7683 
7682 
7682 
7682 
7473 
7752 
7542 
7753 
7682 
7543 
7822 
8241 
8241 
8171 
8171 
8241 
8101 
8101 
8311 
8312 
8172 
8101 
8241 
8311 
8242 
8241 
8171 
8101 
8311 
8172 
8172 
8102 
8172 
8241 
8311 
8171 
8241 
8311 
8311 
8101 
8171 
8101 
8311 
8242 
8172 
8940 
17740 
8242 
8311 
8241 
8101 
8171 
8171 
8311 
8381 
8171 
8032 
9079 
8171 
8101 
8312 
8730 
8730 
8730 
8800 
8730 
8870 
8800 
7543 
8730 
8660 
8730 
8591 
8801 
8800 
8520 
8661 
8870 
8800 
8730 
8870 
9988 
8800 
8730 
8800 
8800 
8591 
8730 
8800 
8730 
8800 
8730 
8800 
8800 
8800 
8730 
8800 
8800 
8800 
8800 
8800 
8730 
8730 
17881 
8730 
8800 
8660 
8731 
8800 
8800 
10336 
10127 
9988 
9918 
10197 
9848 
9987 
9988 
9918 
9848 
9848 
9778 
10127 
9988 
10058 
9987 
9848 
9917 
9847 
10197 
11663 
11593 
9918 
9917 
9918 
10197 
10057 
9917 
9917 
9988 
10546 
9988 
10197 
10058 
9918 
9988 
10197 
10057 
9918 
9987 
10057 
10057 
10196 
10197 
10197 
9987 
10127 
10127 
10197 
10197 
10337 
10826 
11315 
10825 
10756 
10686 
10686 
10685 
10755 
10686 
10686 
10825 
10756 
10755 
10616 
10685 
10756 
10756 
10546 
10616 
10407 
10826 
10825 
10686 
10686 
10546 
10685 
10546 
10616 
10546 
10685 
10686 
10616 
20813 
10755 
10546 
10616 
9219 
9289 
10616 
10197 
10616 
10616 
10686 
10546 
10616 
10546 
10546 
10616 
10826 
10756 
11384 
11245 
11175 
11174 
11524 
11315 
11314 
11385 
11315 
11315 
11244 
11245 
11245 
11245 
11455 
11384 
11384 
11384 
11385 
11384 
11314 
11385 
11245 
11175 
11244 
11175 
11105 
11175 
11245 
11105 
11174 
11105 
11175 
12850 
12013 
11385 
11385 
11244 
11105 
11245 
12083 
11384 
11315 
11245 
11454 
11315 
11244 
11244 
11175 
11524 
12013 
11943 
12013 
11943 
11943 
11873 
11803 
11943 
11943 
11943 
11943 
11734 
11873 
11804 
12013 
12013 
11943 
11943 
11803 
11803 
11803 
12083 
11803 
12012 
11943 
11803 
12083 
12711 
12012 
12012 
11943 
11943 
12083 
11943 
12013 
11733 
11943 
11803 
11873 
11734 
11803 
11803 
11803 
11734 
12013 
12013 
12083 
11943 
12013 
12152 
12641 
12571 
12572 
12572 
12641 
12712 
12711 
12572 
12572 
12641 
12502 
12712 
12712 
12571 
12711 
12712 
12711 
12502 
12711 
12711 
12572 
12641 
12571 
12641 
12641 
12502 
12712 
12572 
12641 
12572 
12571 
12711 
21861 
12571 
12711 
12571 
12571 
12571 
12501 
12502 
12502 
12711 
13340 
12572 
12502 
12571 
12641 
13200 
13969 
12781 
13409 
13270 
13409 
13270 
13270 
13340 
13340 
13270 
13410 
13409 
13340 
13340 
13270 
13200 
13480 
13409 
13340 
13340 
15644 
13201 
13410 
13200 
13200 
13270 
13200 
13201 
13410 
13270 
13340 
13200 
13270 
13480 
13339 
13340 
13410 
13270 
13340 
13270 
13409 
13410 
13340 
13409 
13270 
13409 
13340 
13340 
13270 
13409 
13410 
14947 
14946 
6007 
6076 
6146 
6146 
6007 
6216 
5936 
5797 
5447 
6146 
13898 
14038 
14038 
14108 
14178 
14109 
14108 
14038 
14038 
13899 
14108 
12223 
13969 
13969 
14108 
14108 
14038 
14178 
14736 
14038 
14039 
13969 
13969 
13829 
14178 
14108 
14038 
13969 
13899 
13829 
14108 
13968 
14038 
14108 
14038 
14527 
14038 
14038 
15365 
15715 
15855 
16413 
16134 
15784 
15924 
15854 
15994 
15924 
15715 
15994 
15854 
15924 
15645 
15575 
15644 
15644 
15645 
15644 
15784 
15575 
15644 
15924 
15993 
15644 
15854 
15855 
15575 
16622 
15784 
15575 
16133 
15923 
15854 
15714 
15574 
15924 
15994 
15575 
15854 
15574 
15924 
15714 
15784 
16063 
18019 
17740 
15854 
15715 
16133 
16622 
16482 
16692 
16553 
16553 
16412 
16552 
16343 
16623 
16483 
16622 
16482 
16483 
16483 
16483 
16343 
16692 
16553 
16692 
16552 
16483 
16483 
16552 
16692 
16552 
16553 
16622 
16553 
16692 
16553 
16483 
16483 
16553 
16413 
16413 
16413 
16483 
16413 
16413 
16762 
16553 
16482 
16622 
16622 
16412 
16413 
16343 
16413 
16413 
17949 
28356 
18578 
18438 
18229 
18299 
18508 
18508 
18299 
18508 
18439 
18438 
18508 
18578 
18438 
18508 
18298 
18299 
18508 
18508 
18299 
18857 
18369 
18229 
18508 
18368 
18368 
18368 
18438 
18368 
18368 
18368 
18369 
18578 
18439 
18368 
18228 
18229 
18438 
18578 
18299 
18368 
18438 
18299 
18508 
18368 
18299 
18509 
18508 
18508 
18928 
19346 
19626 
19416 
19625 
19486 
19347 
19485 
19416 
19555 
19416 
19625 
19417 
19556 
19556 
19556 
19626 
19695 
19486 
19625 
19416 
7753 
19416 
7892 
7474 
7473 
9079 
19416 
10825 
10826 
19416 
19486 
19625 
19485 
19556 
19346 
19696 
19486 
19486 
19486 
19346 
19486 
19346 
19346 
19486 
19346 
19207 
19555 
19416 
20115 
21022 
21581 
21581 
21581 
21511 
21511 
21581 
21581 
21581 
21651 
21511 
21512 
21862 
21442 
21441 
21442 
21511 
21371 
21372 
21371 
21302 
21371 
21301 
21371 
21512 
21581 
21511 
21511 
21511 
21651 
21581 
21371 
21372 
21301 
21441 
21512 
21511 
21441 
21372 
21372 
21371 
21651 
21581 
21442 
21442 
21651 
21372 
21442 
21441 
21372 
21791 
22419 
22349 
22350 
22489 
22420 
22489 
22419 
22420 
23118 
25562 
22490 
22419 
22419 
22559 
22489 
22280 
22350 
22280 
22280 
22209 
22489 
22350 
22559 
22420 
24514 
22559 
22489 
22419 
22419 
25283 
22279 
22349 
22279 
22559 
24934 
22419 
22280 
22279 
22279 
22350 
22349 
22419 
22419 
22489 
31638 
22629 
22699 
22489 
22559 
33245 
24444 
24445 
24375 
24375 
24445 
24515 
33315 
24375 
24375 
25004 
24794 
24445 
24375 
24793 
24585 
24584 
27029 
24445 
24585 
24584 
24514 
27238 
24375 
24374 
24445 
24305 
24305 
24515 
24585 
24584 
24514 
24445 
24654 
24584 
24515 
24445 
24584 
24584 
24584 
24515 
24584 
24515 
24515 
24375 
24305 
24305 
24375 
24375 
24445 
26121 
26680 
26819 
26750 
26610 
26749 
26819 
26749 
26750 
26470 
26819 
26750 
26610 
26540 
26680 
26540 
26610 
28147 
26470 
26680 
26610 
26610 
28217 
26819 
26680 
26680 
26750 
26680 
26750 
26680 
26750 
26749 
26820 
26749 
26610 
26889 
26610 
26750 
26819 
26610 
26749 
26889 
26749 
26889 
26750 
26749 
26610 
26749 
26540 
35411 
28635 
29194 
29194 
29125 
29124 
29124 
29055 
28984 
28984 
29054 
28985 
28915 
28915 
28985 
28984 
29055 
29054 
29055 
29055 
29054 
29194 
29124 
29822 
29124 
38902 
29124 
29054 
29753 
29194 
29264 
29194 
29124 
29194 
28984 
29054 
37575 
30800 
28915 
28985 
28914 
29055 
28914 
28984 
28984 
29194 
29124 
29054 
29124 
29124 
29124 
30591 
31638 
31499 
31708 
31498 
31429 
31359 
31499 
31569 
31499 
41486 
31638 
31499 
31499 
31359 
31429 
31289 
32197 
31429 
31569 
31569 
31569 
31429 
31569 
31569 
31639 
31568 
31569 
31359 
31359 
31499 
31569 
31499 
31428 
40020 
31499 
31638 
31568 
31569 
31499 
31499 
32128 
31499 
31429 
31568 
31359 
31499 
31568 
31499 
31429 
32267 
33105 
32896 
32825 
32895 
33035 
32965 
32825 
32895 
32756 
32826 
32895 
32826 
32826 
32895 
32896 
32686 
32825 
32686 
32826 
41696 
32756 
45188 
32966 
32965 
32826 
32825 
33036 
32966 
32826 
32756 
32826 
33035 
32965 
32825 
33105 
32826 
32896 
32896 
32896 
32895 
32896 
32826 
32965 
32895 
32826 
32895 
32895 
32896 
32756 
33663 
34502 
34502 
34223 
34292 
34502 
34432 
34502 
34292 
34362 
34502 
34502 
34432 
34432 
34432 
34502 
34502 
34432 
34572 
43860 
34362 
34432 
34572 
34502 
34432 
34292 
12641 
34502 
34502 
29893 
34432 
34501 
34432 
34572 
34432 
34432 
34571 
34572 
34362 
34502 
34432 
34292 
34432 
34292 
34432 
36388 
34432 
34432 
34292 
34432 
35200 
35969 
36039 
35968 
35829 
35759 
35759 
35829 
44908 
35969 
37855 
36039 
25981 
36039 
36038 
36039 
35899 
36039 
35829 
35968 
36108 
36038 
36178 
36108 
35969 
36108 
36038 
36108 
36038 
36807 
36038 
36039 
36178 
36038 
36108 
36109 
36039 
35969 
36108 
36039 
36108 
36108 
36108 
36108 
36038 
35968 
35899 
36108 
36109 
36387 
36597 
37505 
37505 
37435 
37435 
37435 
37365 
37505 
37505 
37365 
37365 
37296 
37296 
37366 
37365 
37435 
37296 
37435 
37436 
37645 
37645 
37575 
58808 
37505 
37575 
37645 
37645 
37505 
47144 
37435 
37715 
37575 
37366 
37436 
37575 
37506 
37505 
37575 
37365 
37645 
37435 
37505 
37436 
37435 
37575 
37505 
37505 
37505 
37435 
37365 
38413 
39251 
39251 
39181 
39112 
39181 
39181 
39251 
39252 
39111 
39251 
39182 
39181 
39321 
40019 
39181 
39252 
39181 
39111 
39111 
39042 
39181 
38972 
38972 
39251 
40508 
39251 
39181 
39111 
39112 
39111 
39251 
39181 
48331 
39112 
39321 
39251 
39251 
39182 
39112 
39041 
39041 
39111 
39042 
38972 
39111 
38972 
38972 
39111 
39041 
39950 
40928 
40857 
40927 
40928 
40927 
40857 
40718 
40718 
40927 
50915 
41626 
40718 
40997 
55106 
40928 
40718 
40788 
40857 
40927 
50146 
40857 
40857 
40997 
40787 
40788 
40718 
40927 
40927 
40857 
41138 
40788 
40788 
40858 
41556 
40928 
40927 
42883 
40857 
41067 
40927 
40788 
40997 
40857 
41067 
40858 
40857 
42673 
40857 
40788 
41416 
42534 
42324 
42533 
42325 
42604 
42394 
42254 
42254 
42255 
42603 
42394 
42464 
42394 
42324 
42324 
42324 
42254 
42184 
42394 
42324 
42394 
42534 
42464 
42394 
55524 
42324 
51823 
43372 
42394 
42534 
42394 
42464 
42464 
42394 
42673 
42603 
42604 
42394 
42324 
42604 
42464 
42324 
42254 
42394 
42324 
42394 
42604 
42464 
42464 
43232 
44279 
68515 
44210 
44070 
44349 
44280 
44209 
44908 
44210 
44071 
43930 
44349 
44209 
46026 
44001 
43931 
44070 
44071 
50705 
44280 
44349 
44908 
44001 
44070 
44350 
44070 
46655 
44279 
44070 
44350 
44140 
44140 
44280 
44699 
44350 
44210 
44070 
44001 
44000 
44070 
44070 
44070 
44070 
44000 
44210 
44140 
44070 
44001 
44350 
44978 
45955 
46026 
45886 
45746 
45886 
46585 
45886 
45676 
45677 
45956 
46026 
45886 
55524 
45886 
54686 
47143 
45956 
45886 
46514 
46026 
45816 
45886 
45956 
45886 
45747 
45886 
45956 
45956 
45817 
45747 
45956 
45956 
56014 
45886 
45956 
45816 
46514 
46026 
46585 
45886 
45817 
45955 
45816 
45886 
45956 
45956 
45956 
45816 
45956 
46585 
47632 
47492 
47423 
47562 
47563 
47772 
47702 
47702 
47632 
47493 
47563 
47771 
57060 
48052 
47702 
47632 
47772 
47702 
47772 
47702 
47563 
47632 
59994 
47493 
56642 
47493 
47562 
47562 
17740 
17321 
50426 
47632 
35131 
47632 
49099 
47772 
47632 
41137 
47632 
47702 
47771 
47702 
47702 
47702 
47702 
47632 
47632 
47632 
47702 
48261 
49448 
49448 
49378 
49238 
49239 
49239 
57829 
49308 
49448 
49308 
49519 
49239 
49239 
49169 
49239 
66769 
58040 
49378 
49309 
49448 
50076 
49518 
67747 
49239 
49309 
49239 
49378 
49308 
49308 
49239 
62440 
49169 
49169 
49238 
49169 
49448 
49378 
49448 
49448 
49238 
49308 
49378 
49309 
49238 
49168 
49448 
49378 
49379 
49309 
50286 
51334 
51055 
51125 
51124 
51124 
51055 
51054 
51264 
50984 
50984 
51055 
51125 
51264 
59785 
51264 
51194 
51124 
60344 
50985 
51194 
51125 
51194 
51055 
51333 
51194 
50985 
51194 
51124 
59785 
51124 
51962 
51124 
60554 
51124 
51125 
51194 
51124 
51124 
60273 
51194 
51054 
51054 
50984 
50984 
60134 
51194 
51195 
51125 
51124 
51893 
52940 
53080 
53010 
53010 
53010 
52941 
52940 
52940 
52870 
52800 
52870 
52940 
52730 
52800 
53079 
53079 
61531 
52941 
53010 
53080 
52940 
53010 
53010 
52940 
52940 
53080 
53010 
60483 
52870 
53080 
53010 
53010 
53220 
53080 
55455 
20464 
18927 
53010 
23886 
26400 
52870 
42813 
43442 
52871 
42813 
53080 
52870 
52940 
52870 
53849 
54826 
54896 
62229 
47143 
47144 
47213 
54686 
80039 
54895 
54896 
54756 
54896 
54756 
54756 
54896 
54896 
54686 
54826 
54895 
54825 
54896 
54756 
54896 
54756 
54687 
54965 
54756 
54896 
55594 
54896 
54826 
54756 
73126 
54756 
54686 
54896 
54687 
63906 
54895 
54896 
74522 
54756 
54826 
54756 
54686 
54616 
55594 
54895 
55524 
55734 
56642 
56781 
56852 
56712 
56781 
56712 
56851 
56781 
56782 
56781 
56921 
56781 
57549 
56852 
56712 
56712 
56851 
66140 
56781 
70959 
56781 
56641 
56711 
65023 
65093 
56572 
56502 
56711 
56642 
56572 
56572 
56572 
56502 
56851 
56711 
56781 
56782 
56852 
56711 
56851 
56851 
56782 
56712 
56642 
56641 
57201 
56781 
56851 
56641 
57619 
58667 
58667 
58667 
58667 
58668 
58667 
58668 
58667 
58667 
58527 
66280 
61391 
97360 
59994 
58598 
58667 
58598 
58597 
58807 
58458 
58528 
67328 
58737 
58598 
58598 
58667 
58667 
58597 
58388 
58458 
58458 
58458 
58388 
58248 
58458 
58318 
58388 
58318 
58388 
58528 
58668 
58668 
58528 
58667 
58737 
58597 
58667 
58667 
58667 
63906 
48959 
65372 
60413 
60483 
60553 
60483 
60623 
60622 
60552 
60834 
60483 
60693 
69423 
60413 
60483 
60623 
60623 
60343 
60413 
60622 
60483 
60413 
60623 
60553 
60483 
60553 
60553 
60483 
60693 
63067 
60623 
60553 
60414 
60413 
60553 
60623 
60622 
69981 
60623 
60693 
60553 
60622 
60552 
60623 
60623 
73264 
60693 
61321 
69493 
61461 
62648 
62648 
62649 
62648 
62509 
62648 
62718 
62579 
62509 
62578 
62578 
62718 
62648 
62648 
62508 
74801 
62648 
62578 
62578 
62648 
72635 
62508 
62508 
62509 
62578 
62579 
62509 
62578 
62439 
62508 
62578 
62508 
63277 
62578 
72216 
75919 
71378 
62439 
62439 
62438 
62509 
62649 
62439 
62438 
62648 
62508 
62578 
62439 
62439 
63277 
64744 
64603 
64464 
64603 
64674 
64674 
64674 
64603 
64883 
65792 
64604 
64534 
64673 
64603 
64534 
64604 
64604 
64673 
64604 
64673 
64604 
64673 
64464 
64533 
64604 
64604 
64603 
64464 
64534 
64534 
64534 
78573 
64674 
64604 
64604 
84300 
65093 
64533 
64464 
64604 
64604 
64604 
64604 
64603 
64604 
64534 
65302 
64603 
64534 
65582 
66629 
66769 
66699 
66559 
66839 
66629 
66629 
66559 
66629 
66699 
66489 
66629 
66629 
66629 
66630 
66699 
66629 
66559 
66699 
66699 
66699 
66629 
66699 
66699 
66629 
66630 
66630 
66559 
66629 
66630 
66560 
66979 
66629 
66629 
23746 
66629 
66769 
66699 
90864 
66699 
76268 
66559 
66419 
99524 
69912 
67257 
66629 
66629 
68794 
67467 
68724 
68515 
68584 
68654 
69423 
68794 
68585 
68515 
68585 
69074 
68654 
68515 
68585 
68515 
68585 
68654 
81156 
68725 
68584 
68584 
68584 
68725 
68655 
68725 
68725 
68655 
68515 
68725 
68515 
68515 
68445 
68585 
77105 
68725 
68585 
68585 
68585 
68725 
68585 
68794 
68864 
68724 
68515 
68794 
68654 
76407 
68585 
68724 
68724 
69633 
70820 
70680 
70820 
70889 
70820 
70750 
72356 
70890 
79899 
77385 
79690 
70890 
70819 
70959 
85208 
71448 
70750 
70889 
70890 
70749 
80248 
70819 
70750 
70820 
70889 
70820 
70750 
70820 
70820 
70820 
70819 
70890 
70750 
70680 
78433 
70819 
70820 
70680 
70750 
70819 
70680 
70680 
70680 
70679 
70611 
70749 
70680 
70890 
70750 
71378 
72426 
72566 
72636 
72566 
72426 
72426 
72426 
72426 
72635 
72496 
72286 
72357 
72636 
72636 
73334 
72495 
72496 
72496 
72426 
72635 
93239 
72426 
72566 
72496 
72566 
72565 
72636 
72566 
73264 
72495 
72636 
72565 
72845 
72636 
72636 
82204 
72495 
72635 
72496 
72357 
72496 
70889 
69842 
69772 
69702 
69632 
76896 
69702 
69702 
71238 
73334 
72565 
72496 
72426 
72356 
72356 
72356 
72356 
72286 
72286 
72566 
72635 
72216 
72286 
72356 
72426 
82624 
72286 
72566 
72356 
72636 
72426 
72566 
72426 
72426 
72426 
72286 
72356 
72636 
85976 
72426 
72636 
72496 
72496 
72566 
82344 
73334 
72565 
91843 
72356 
72566 
70750 
71169 
71309 
72775 
72915 
74730 
74661 
76407 
77944 
79061 
79270 
79131 
88490 
79480 
79200 
79550 
79619 
79550 
79341 
79271 
79270 
79340 
79340 
80039 
79620 
79201 
79411 
79410 
92541 
79271 
79620 
79271 
79550 
79620 
79550 
79340 
79411 
80249 
79340 
79550 
79549 
79550 
79550 
79620 
79550 
79480 
79340 
79410 
79550 
79410 
79550 
79899 
81645 
83671 
92471 
82903 
81296 
81575 
83601 
99176 
86674 
96172 
84928 
84578 
83321 
85417 
85975 
87861 
97569 
89747 
89537 
91563 
91283 
94287 
94286 
96032 
96102 
98128 
107137 
100083 
100083 
102527 
102528 
104763 
114331 
106719 
107067 
108814 
108953 
110908 
111048 
113074 
113005 
115100 
115239 
117335 
114890 
115099 
113981 
122642 
114261 
117893 
112655 
116566 
119499 
113144 
112515 
112515 
113843 
115099 
115798 
126414 
120198 
122363 
124388 
127391 
128859 
130884 
134026 
134934 
137379 
148344 
141570 
153373 
146249 
163779 
152745 
156446 
159309 
172091 
166014 
167691 
168947 
171043 
180262 
171183 
170833 
170833 
170763 
170973 
170553 
171043 
180053 
171182 
168389 
168528 
165665 
165595 
162452 
162522 
160007 
160147 
157144 
156725 
154350 
156376 
155468 
176630 
163709 
165595 
181520 
169646 
172230 
175513 
177329 
179214 
179004 
179144 
179074 
178865 
179215 
179913 
181868 
181589 
178446 
178306 
175024 
174953 
172369 
172440 
171671 
173837 
174116 
186408 
175792 
175582 
174884 
176420 
176630 
178865 
179005 
182636 
182846 
192903 
185361 
189411 
197932 
191855 
192065 
194789 
194929 
205195 
195068 
207570 
196884 
196884 
194510 
203240 
196256 
198212 
210992 
203380 
207640 
211272 
213158 
222168 
213228 
213297 
213297 
213227 
222307 
213227 
214275 
217069 
235018 
223563 
232993 
76965 
79760 
192554 
80039 
130046 
233831 
241094 
244377 
258764 
214903 
251989 
252199 
252129 
251989 
252269 
251780 
251920 
259253 
252060 
247101 
246612 
244376 
244656 
241164 
250243 
238231 
239418 
240465 
247659 
239977 
147227 
266656 
248987 
252269 
252059 
257158 
251850 
251919 
251989 
253037 
255900 
258066 
258066 
258345 
268752 
262675 
264561 
260790 
260859 
257507 
257367 
252828 
262187 
262256 
252898 
252688 
256599 
257996 
271196 
275038 
266098 
289146 
278739 
279368 
273152 
282371 
275107 
279158 
282232 
273431 
277063 
276155 
277202 
94496 
275177 
191646 
279717 
272453 
298924 
272383 
272663 
276155 
278459 
278669 
281113 
280764 
280765 
280625 
280904 
295920 
284187 
312404 
286701 
293615 
296059 
288936 
289146 
290262 
317082 
302346 
301926 
314847 
317012 
320784 
329305 
321832 
334124 
336779 
327977 
329025 
332657 
340409 
338454 
346696 
338384 
347672 
342714 
342854 
342784 
429808 
172859 
114890 
331260 
348790 
325812 
340410 
331050 
317781 
328675 
333076 
323508 
346905 
344321 
342365 
345996 
352981 
364155 
363946 
354029 
353889 
355355 
353958 
356193 
367998 
358149 
369114 
353819 
352073 
353958 
371420 
371211 
379311 
361572 
360174 
368625 
360384 
361921 
360594 
379870 
365831 
398169 
377496 
370162 
368206 
291311 
126483 
375330 
257995 
350815 
337685 
357102 
313380 
373514 
321622 
361501 
360524 
371559 
369813 
377426 
361850 
363178 
368486 
375331 
385666 
382733 
385108 
392162 
389718 
403057 
389369 
400473 
405781 
406829 
405642 
409693 
424848 
409274 
421844 
417375 
430924 
426385 
449502 
149462 
248078 
237183 
467801 
448943 
451528 
472480 
452436 
451388 
451458 
442518 
445941 
450901 
453274 
447057 
430436 
430156 
448246 
428131 
433159 
430086 
421216 
427782 
437210 
435743 
435883 
456488 
434626 
449013 
458442 
453204 
478696 
458302 
470735 
469965 
466683 
482258 
476951 
477439 
469477 
480513 
488893 
479045 
484773 
496017 
505795 
495808 
483166 
490499 
488195 
504607 
482957 
474505 
486448 
502303 
465007 
490919 
520812 
504747 
492176 
502513 
492595 
486518 
458862 
291519 
442798 
422404 
390416 
450200 
454182 
413464 
411019 
489312 
465356 
481351 
477439 
485960 
481281 
484563 
478836 
481630 
485261 
499091 
501674 
494131 
518715 
501814 
511313 
510265 
522767 
529611 
515922 
506074 
516201 
509776 
538273 
550354 
535268 
528494 
522836 
527446 
541693 
556221 
565301 
562298 
548888 
549935 
543300 
547280 
551471 
571726 
571935 
558456 
544418 
545395 
575358 
540646 
556989 
561389 
553776 
531427 
535827 
526887 
522347 
527446 
527236 
553916 
552240 
561320 
558246 
578291 
574729 
568932 
571865 
571376 
580805 
587580 
585694 
579618 
599384 
596939 
597427 
595822 
583668 
596450 
597567 
606437 
597706 
605879 
607624 
592818 
587790 
602525 
598684 
581992 
597359 
600430 
601758 
605111 
610418 
597916 
592049 
608184 
603434 
607345 
600361 
593656 
592329 
596799 
705054 
600640 
598197 
598126 
600570 
599593 
607414 
603504 
604481 
590164 
620265 
603015 
604132 
606507 
606157 
608392 
703726 
613491 
616215 
629694 
616284 
617961 
621173 
621173 
629835 
628437 
630533 
639193 
658958 
646316 
654139 
661962 
529471 
541903 
496157 
542531 
577662 
571098 
614819 
632837 
576615 
614399 
592399 
581294 
615448 
581363 
599523 
558176 
594703 
631370 
630044 
610069 
555942 
581433 
627110 
561249 
617752 
601410 
629974 
632907 
693809 
684660 
688852 
694508 
704216 
705193 
697371 
716438 
708546 
720978 
697790 
715460 
701212 
723911 
729429 
726077 
732082 
733480 
753874 
729778 
740812 
736413 
716648 
717067 
711759 
711619 
704774 
712737 
702190 
736203 
697022 
688780 
713226 
706241 
709664 
711828 
712387 
732712 
718742 
752197 
240466 
555662 
444054 
585764 
518576 
520950 
657982 
525281 
662310 
605389 
743746 
723841 
747587 
408157 
479255 
590862 
649320 
701352 
702050 
665034 
631510 
703867 
697860 
700444 
650089 
686475 
666781 
750591 
742839 
253177 
492176 
643942 
536944 
707009 
679841 
669994 
661123 
708267 
685637 
661054 
717695 
725727 
677816 
697930 
710921 
821480 
660843 
708336 
706870 
677466 
662869 
663288 
684660 
648482 
647154 
661333 
718603 
709804 
733620 
721467 
772381 
784883 
775733 
792915 
795150 
794451 
820083 
788864 
807093 
795429 
808070 
795360 
804718 
810934 
809956 
847811 
821620 
836915 
835239 
823436 
820922 
847112 
836007 
830141 
853118 
839639 
833773 
531078 
560971 
699886 
691993 
778667 
702748 
790959 
795639 
840058 
275806 
313032 
582691 
544837 
583389 
617262 
584297 
615586 
758902 
754921 
778737 
743468 
729708 
695765 
798153 
823647 
808420 
793893 
921215 
799620 
799549 
802762 
816661 
840827 
838033 
838941 
839500 
832026 
835589 
835518 
838661 
852979 
866877 
965983 
893696 
855353 
871208 
872953 
896212 
873862 
334054 
610838 
633955 
668667 
590373 
755060 
662660 
824204 
747867 
806883 
778947 
775455 
807861 
725867 
758203 
290333 
542462 
416398 
607555 
743537 
613980 
709383 
770496 
717906 
916397 
909481 
935322 
945032 
939722 
942168 
921005 
925196 
921074 
949640 
927920 
924498 
965425 
978135 
930574 
924078 
965284 
959908 
939443 
943983 
946777 
953272 
991405 
994968 
1001323 
993920 
987075 
955087 
979253 
997342 
965284 
947405 
935811 
959069 
937278 
929736 
943005 
970034 
970174 
1330489 
943982 
987286 
938674 
943354 
970943 
314149 
976669 
819804 
319527 
364645 
941468 
948522 
957742 
960675 
958789 
961234 
968778 
958790 
1010123 
976670 
974294 
983095 
1017877 
983513 
-999025147 
978695 
982396 
1026466 
985050 
992035 
1026955 
988612 
1028842 
1032193 
1038968 
1049654 
1008936 
1008656 
1001602 
1004675 
987285 
999018 
1040505 
991336 
990148 
994270 
1024999 
985050 
978275 
1072771 
972129 
981697 
987355 
1020949 
1029259 
988332 
985329 
994061 
1042809 
1003907 
1058803 
1017177 
1082480 
1023114 
1039527 
1076962 
1022205 
1023394 
1077660 
1036803 
1087577 
1053285 
1045183 
1092257 
1039247 
1061318 
1057126 
1101826 
1106924 
1069628 
1106785 
1065996 
1098962 
1102804 
1135419 
1138842 
1123687 
1126480 
1120264 
1111396 
1081711 
1077242 
1071724 
1074936 
1060618 
1073540 
1069489 
1072702 
1123059 
1123965 
1094283 
1073401 
1092327 
1097985 
1075845 
1086599 
1055590 
1068930 
1080384 
1059712 
1063693 
1084016 
371280 
369184 
385527 
492245 
486798 
528633 
776433 
641498 
914649 
898586 
939583 
1010193 
1018224 
1019412 
1013615 
1025488 
1035266 
967449 
965494 
1054054 
1037641 
974084 
1058454 
984840 
1136886 
1167197 
1175858 
1174043 
1162588 
1148898 
1128505 
1133394 
1159864 
1159933 
1119077 
1123827 
1155394 
1105876 
1098473 
1139610 
1139750 
1147433 
1111045 
1167617 
1103642 
1115374 
1149527 
1130671 
1112162 
1120684 
1115934 
1116912 
1130671 
1120823 
1127737 
1185497 
1140169 
1199814 
1163287 
1198626 
1147642 
1152531 
1158886 
1159794 
1158049 
1164054 
1220487 
1193877 
1181096 
1230893 
1182143 
1180817 
1247655 
1229287 
1263021 
1262392 
1219579 
1218182 
1220766 
1251636 
1186754 
1297453 
1180048 
1179559 
1171877 
1173554 
1261484 
1204772 
1232989 
1209243 
1231382 
1228590 
1169711 
1235992 
1229707 
1177535 
1216156 
1228241 
1163356 
1168245 
1224188 
1169781 
1186404 
1174181 
1188220 
1233199 
1233059 
1189477 
1193250 
1302132 
-998786916 
1201282 
1262602 
1213712 
1216088 
1221604 
1265744 
1272868 
1208404 
1228868 
1282436 
1217624 
1279224 
1231591 
1226772 
1217274 
1226914 
1245211 
1299827 
1304368 
1237248 
1340754 
1281460 
1233966 
1224678 
1231173 
1223909 
1232430 
1208893 
1217764 
1223211 
1195903 
1192620 
1241369 
1180050 
1257363 
1202678 
1210360 
1197509 
1201979 
1201769 
1211338 
1212176 
1228100 
1289560 
1217415 
1294659 
1307579 
1306882 
1241510 
1309116 
1313866 
1316589 
1321268 
1259738 
1268468 
1258411 
1333491 
1326647 
1321059 
1326367 
1321199 
1340965 
1261135 
1261833 
1345853 
1328183 
1328812 
1267071 
1328322 
1267142 
1278525 
1360729 
1282019 
1329999 
1352279 
1323644 
1323294 
1273985 
1316589 
1273637 
1249123 
1251496 
1275873 
1126062 
1151483 
1147362 
1163217 
1331676 
1337192 
1341453 
1291586 
1304507 
1301643 
1365967 
1295287 
1320989 
1449988 
1358704 
1364431 
1382101 
1319103 
1320501 
1384616 
1385243 
1395371 
1333282 
1346761 
1335796 
1338521 
1329230 
1332583 
1392928 
1347669 
1363174 
1380355 
1410947 
1452851 
1432108 
1374699 
1428965 
1366666 
1428686 
1365339 
1357378 
1433784 
1347878 
1398165 
1344456 
1406546 
1362545 
1352557 
1372113 
1366527 
1361149 
1446147 
1419257 
1423448 
1365689 
1390762 
1389434 
1561667 
1401168 
1395231 
1389436 
1470800 
1401447 
1486376 
1401517 
1463118 
1462978 
1538477 
1421983 
1514311 
1425962 
1447336 
1438673 
1466679 
1461512 
1470172 
1464794 
1471429 
1477296 
1474154 
1475479 
1503836 
1486935 
1501042 
1477505 
1492313 
1464514 
1474363 
1474991 
1441676 
1426800 
1540642 
1503556 
1438884 
1490845 
1448590 
1456273 
1454807 
1460813 
1438114 
1443981 
1538686 
1438465 
1445587 
1436298 
1440629 
1448102 
1452432 
1464307 
1452711 
1456343 
1458160 
1529188 
1468844 
1464375 
1463397 
1467168 
1459905 
1550979 
856542 
662520 
895303 
844737 
998321 
1167337 
1106924 
1079756 
1227541 
1210080 
1283275 
1353606 
1340335 
1408850 
1359682 
1393555 
1432247 
1440908 
1455156 
1365479 
1334679 
1474572 
1382660 
1364991 
1400609 
1334329 
1376095 
1355980 
1366736 
1260297 
1276640 
1274755 
1263859 
1380425 
1333073 
1522413 
1518153 
1620680 
1541270 
1541690 
1528489 
1528629 
1528700 
1639608 
1609855 
1616771 
1628783 
1659582 
1666079 
1562991 
1662377 
1567741 
1581150 
1568649 
1591278 
1572280 
1583526 
1590229 
1692269 
1605175 
1687031 
1628293 
1686681 
1588973 
1693876 
1625989 
1612929 
1614536 
1656580 
1573328 
1671805 
1586598 
1588065 
1620751 
1624243 
1608739 
1606782 
1571861 
1596518 
1552236 
1567392 
1616632 
1573328 
1570464 
1617818 
1545461 
1620261 
1625362 
1628364 
1666988 
1554400 
1567042 
1629273 
1560477 
1575283 
1567042 
1664542 
1591976 
1583315 
1600147 
1594630 
1607341 
1592956 
1606922 
1606712 
1612302 
1622497 
1637932 
1612790 
1636954 
1643588 
1713920 
1644846 
1746747 
1681374 
1713919 
1649596 
1675437 
1640587 
1641773 
1769375 
1654346 
1669082 
1660211 
1655114 
1643379 
1647431 
1651762 
1658885 
1633880 
1633811 
1701767 
1657419 
1713292 
1713500 
1657976 
1657557 
1700859 
1726980 
1729424 
1765672 
1646522 
1654067 
1671386 
1660002 
1674669 
1681793 
1712174 
1693805 
1680395 
1683189 
1686751 
1675227 
1794170 
1704980 
1695272 
1799545 
1724535 
1777547 
1694783 
1722650 
1838729 
1724676 
1724047 
1726840 
1727958 
1831535 
1831115 
1759108 
1834189 
1725234 
1805133 
1729145 
1785019 
1702885 
1695760 
736973 
734597 
832097 
949780 
1202537 
1039527 
1236342 
818198 
834262 
1734593 
1729145 
1726561 
1729285 
1838308 
1743881 
1754638 
1785090 
1781737 
1847389 
1788022 
1849345 
1878816 
1807578 
1815471 
1927007 
1848016 
1822593 
1839915 
1843618 
1824130 
1822036 
1843546 
1861427 
1843965 
1849063 
1858213 
1841870 
1840055 
1834466 
1966328 
1820708 
1917929 
1798219 
1909547 
1909130 
1962766 
1844665 
1799266 
1804854 
1785717 
1920442 
1899839 
1813025 
1800314 
1932875 
1915274 
1801851 
1927426 
1818333 
1940347 
2025206 
1858841 
1955922 
1863940 
1888035 
1981135 
1879095 
2016475 
1910036 
2003135 
2023668 
656932 
637028 
932808 
811702 
1130670 
1126550 
1289980 
1357097 
1412761 
1468286 
1463885 
1462768 
1507887 
1534426 
1639608 
1647710 
1653855 
1809255 
1707634 
1791095 
1686683 
1725304 
1710428 
1688427 
1658326 
1731591 
1669710 
1756244 
1686961 
1765463 
1701559 
1694993 
1746745 
1705399 
1721742 
1689196 
1772447 
1817636 
2029745 
2044343 
1990773 
2077378 
1989027 
2079612 
2005230 
1997966 
2077099 
2076538 
807792 
790890 
1113978 
1027444 
974225 
1225516 
1278595 
1332373 
1415695 
1441606 
1461441 
1945657 
2051047 
2196527 
2057402 
2159721 
2139327 
2076119 
2046786 
2039313 
2146450 
2045949 
2007116 
2137860 
2012633 
2111529 
2015499 
1997478 
2189753 
2006139 
2084641 
2097142 
1992868 
2105874 
1980297 
2101472 
2002436 
2014589 
2087016 
2095396 
2049371 
2070532 
2076609 
2065503 
2177462 
2100076 
2178091 
2105593 
2101193 
2100355 
2195130 
2101612 
2108807 
2218318 
2215035 
2108946 
2212381 
2120890 
2108736 
2147848 
2244579 
2143727 
2150643 
2263576 
2248490 
2153575 
752617 
733409 
860312 
1015850 
1098822 
1171388 
1115445 
1376723 
1281669 
1323783 
1581778 
1582898 
1478552 
1497969 
1563412 
1666707 
1763158 
1892367 
1821406 
1800384 
1897953 
1794936 
1926171 
1904798 
2175296 
2289838 
2114602 
2082475 
2095746 
2121447 
2112719 
2112437 
2252330 
2241506 
2136882 
2258408 
2241435 
2244229 
2184584 
2186193 
2357303 
2290744 
2212311 
2174178 
2212594 
2277195 
2272934 
2212870 
2200717 
2206656 
2223416 
2230820 
2292490 
2314001 
2210775 
2186330 
2276147 
2295005 
2274959 
2274680 
2185492 
2272306 
2256940 
2255614 
2163282 
-997854457 
2238713 
2168172 
2242343 
2355697 
2252680 
2165309 
2262318 
2270071 
2182629 
2158114 
2186890 
2184025 
2263854 
2276985 
2269093 
2180813 
2276147 
2269163 
2356046 
2177111 
2183606 
2267975 
2176832 
2167335 
2182000 
2173480 
2165587 
2268045 
2291026 
2206724 
2263506 
2182140 
2195620 
2161888 
2178508 
874002 
961303 
1114536 
1168454 
1451594 
1522274 
1613138 
1643170 
1572071 
1600985 
1692059 
1598261 
1661329 
1704632 
1740180 
1757850 
1890760 
1945795 
1908082 
1909198 
1914576 
1958366 
1997757 
1988049 
1957459 
1919954 
1968214 
1945585 
1872950 
1942722 
1949567 
2019129 
1848854 
2019480 
1959694 
1890901 
1948658 
1948309 
1929522 
1968912 
2015988 
1887267 
1959135 
1863032 
1980995 
2014100 
1947750 
1942792 
1938112 
1932667 
1873369 
1981414 
1958017 
2007116 
1947961 
1924493 
1928613 
1878817 
1904797 
1971986 
1952639 
1860099 
2090019 
2007326 
2169149 
2164541 
2176622 
2175784 
2178368 
2273563 
2175505 
2282433 
2158603 
2182211 
2199461 
2262389 
2182349 
2262667 
2176692 
2266858 
2162235 
2181792 
2183467 
2177041 
2190730 
2268464 
2189824 
2194153 
2263994 
2191150 
2268814 
2178509 
2284039 
2268743 
2182628 
2276985 
2166706 
2186889 
2282572 
2269582 
2190870 
2188915 
2163491 
2166844 
2180675 
2343684 
2201206 
2163212 
2197016 
2193595 
2263925 
2183536 
2277195 
2193035 
2269862 
2199041 
-997735026 
2166914 
2185911 
2177320 
2292281 
2204283 
2264763 
2273772 
2207562 
2182420 
2274682 
2207422 
2269582 
2189124 
2179765 
2183049 
2184863 
2191708 
2275308 
2276777 
2169570 
2188216 
2276077 
2185213 
2275169 
2283691 
2376580 
2288089 
2274191 
2187029 
2292210 
2169987 
2275099 
2197365 
2184375 
2286064 
2217480 
2275171 
2181721 
2195479 
2274051 
2175923 
2275937 
2223137 
2184586 
2170057 
2195200 
2190523 
2182209 
2198203 
2194013 
2269442 
2287603 
2169708 
2186400 
2274191 
2184654 
2195272 
2266928 
2179067 
2280968 
2178857 
2326712 
2172013 
2190311 
2268535 
2263226 
2168101 
2183327 
2264064 
2269303 
2201765 
2264553 
2192758 
2263575 
2166495 
2201277 
2276776 
2196878 
2264483 
2191009 
2268116 
2178927 
2193805 
2183188 
2187447 
2298917 
2264763 
2269164 
2287601 
2176902 
2269933 
2259036 
1103851 
1047489 
728311 
731384 
838033 
880985 
1002372 
728591 
1142474 
1177045 
1362685 
1309186 
1477574 
1383289 
1612020 
1432526 
1562642 
1688637 
1545951 
1604198 
1691989 
1793053 
1943071 
1894112 
1963327 
1878816 
1949846 
1980157 
1901934 
2008096 
2031770 
1877629 
1970380 
1906684 
1993986 
1996360 
1897673 
1947752 
1865058 
2023180 
1970728 
1942023 
1944610 
1900397 
1875463 
2014591 
1860937 
1928404 
1911712 
2003973 
1922399 
1879375 
1883705 
1983790 
1942372 
1999853 
1870295 
1949706 
1952572 
1871064 
1887617 
1921212 
1942652 
1981414 
1954944 
1922189 
1981836 
1867572 
1967935 
1876093 
1946702 
1862683 
1948309 
1985745 
1916950 
1928125 
1919675 
1997478 
1885941 
1932596 
1915483 
1962347 
1906474 
1930500 
1976666 
1928334 
1931617 
1900817 
1930779 
1957110 
1929801 
2061313 
1887058 
1983021 
1912690 
1937975 
1901585 
1874207 
1870506 
1956341 
1913946 
1984000 
1927356 
1910665 
1871204 
1982811 
1969821 
1858074 
1995872 
1894181 
1863871 
1975757 
2001181 
1864848 
2024925 
1947192 
1968286 
2012424 
1950265 
1989585 
1900677 
1988679 
1920232 
1959344 
1897673 
1951591 
1900958 
1912131 
1950824 
1937553 
1970937 
2022204 
1918347 
2015218 
1965560 
1917648 
1864151 
1939578 
1917439 
1951174 
1918766 
1867503 
2001669 
1885103 
1952221 
1944537 
1946913 
1912131 
1921211 
1955922 
1892994 
1950194 
1905847 
1950753 
1941814 
1945725 
2026322 
2050209 
2268465 
2170476 
2186190 
2243740 
726217 
729568 
725098 
724260 
1081991 
764419 
961375 
1131089 
1258830 
1305626 
1557125 
1627665 
1639609 
1707285 
1707913 
1547138 
733550 
1587715 
826579 
765677 
1009355 
824275 
1188709 
1111114 
1051400 
1280551 
1231312 
1527373 
1461581 
1422888 
1469543 
1690453 
1681723 
1779501 
990218 
1043439 
728591 
1183121 
1176907 
1314633 
1546648 
1451944 
1468006 
1702116 
1723420 
1852067 
1892784 
1326925 
761766 
1064530 
1096797 
928268 
925754 
748426 
-998985617 
1036872 
1032194 
1064041 
1191433 
1235573 
1211897 
1063692 
1285859 
1328812 
1015850 
995876 
893626 
727403 
1004747 
967170 
1250100 
1545324 
1405289 
1470800 
1415068 
879728 
1420933 
735365 
736343 
757924 
944961 
722863 
931341 
733968 
1211757 
1124804 
1231383 
1306672 
1446914 
998531 
1051400 
1022904 
792915 
1069908 
1254221 
1166708 
1351860 
1718390 
1624382 
1595539 
1738225 
731873 
1060061 
1221185 
1097844 
1043578 
1281947 
1241161 
1443214 
1572490 
1548255 
1590719 
1695202 
1787812 
2019408 
1874276 
1953548 
1939579 
1965141 
1912340 
1961788 
1905848 
1933712 
1887895 
1930919 
1964931 
1914575 
1947959 
1899839 
1977434 
1939718 
2008303 
1946842 
1926100 
1947682 
1946213 
1916043 
1918905 
2007815 
1952709 
1998316 
1959904 
1959553 
2013402 
1971219 
1950474 
1870435 
1885730 
1948728 
1877421 
1961299 
1994265 
1965909 
1964652 
1859749 
1936436 
1866105 
1885312 
1879584 
1875115 
1930919 
1918836 
1996150 
1866384 
1958785 
1984559 
2010189 
1925820 
1885591 
1911014 
1862194 
1860588 
1850390 
1958717 
1950894 
1927287 
1881122 
2013891 
1937135 
1981973 
1872321 
1854651 
1924004 
1879935 
1866175 
2058030 
1873089 
1924423 
1857795 
1993218 
1871973 
1948169 
2103917 
1871203 
1991541 
1991264 
1945166 
1873788 
2015147 
1949148 
1993709 
1967376 
1904378 
1925401 
1939858 
1915135 
1904238 
1887618 
1920233 
2005230 
1873369 
1942931 
1953898 
1949147 
1918486 
1905845 
1942721 
2022692 
1994894 
1863451 
1915834 
1887965 
1903610 
1972683 
1872810 
1897535 
1954176 
1994684 
1884894 
1952081 
2021852 
1922398 
1934131 
1979809 
2033167 
1874137 
1881052 
1987560 
1875184 
1966677 
1949286 
1931968 
1932105 
1953966 
2022761 
1902144 
1974290 
2050138 
1994405 
1951314 
1898582 
2004462 
1877630 
1868899 
2012286 
1947890 
1997827 
1948798 
1905636 
1892855 
1875254 
1897676 
1868480 
1980087 
1858911 
1964861 
1943492 
1987072 
1872880 
1943072 
1921350 
1887477 
1947541 
2002576 
1864220 
2013542 
1919395 
1947122 
1955991 
2027370 
1874628 
1974779 
1913807 
1999294 
1944118 
1940349 
1988189 
1918766 
1948869 
1928125 
1898581 
1922607 
1877559 
1910526 
1855629 
1974430 
1885591 
1943211 
1853045 
1924842 
2017522 
1950197 
1892576 
2007954 
1883077 
1866175 
1875675 
1873508 
2010608 
1866944 
1943350 
1863453 
1949636 
1862405 
2033726 
1917230 
2001179 
1886360 
1866596 
1930569 
2133601 
2190242 
2180745 
2276077 
2188286 
2261619 
2167123 
2197786 
2268744 
2272168 
2268743 
2263785 
2264343 
2181441 
2293749 
2159161 
2169219 
2281734 
2178857 
2169361 
2281455 
2178508 
2213848 
2280826 
2178090 
2276635 
2281106 
2176903 
2276217 
2196317 
2178438 
2191080 
2313093 
2179766 
2193594 
2216782 
2286902 
2267905 
2172223 
2278382 
2164542 
2204489 
2179415 
2177879 
2270629 
2186752 
2206026 
2163701 
2186470 
2195411 
2265671 
2272376 
2285087 
2270769 
2179137 
2196946 
2273842 
2266718 
2205677 
2270352 
2182140 
2181721 
2183536 
2163005 
2163911 
2192616 
2266089 
2179136 
2186193 
2043504 
2025065 
1991960 
1944957 
1872603 
2002507 
1881750 
1961511 
1933083 
1994756 
1901235 
1988889 
1947192 
1949356 
1990773 
1926379 
2004323 
1946214 
1990076 
1907940 
1999643 
1866385 
2001878 
1863452 
1875813 
1973662 
1911504 
1986792 
1939649 
1980157 
1999643 
1926800 
1891178 
1936715 
1983300 
1872600 
1946425 
2038825 
1870086 
2013192 
1910245 
1930709 
1892436 
1914019 
1870855 
1980087 
1889991 
1927985 
1949357 
1911923 
1917788 
1883426 
1944887 
1986652 
1947473 
1949706 
1905146 
1974919 
1868270 
2004043 
1890270 
1939581 
1967656 
1941395 
1964512 
1938461 
1943213 
1925541 
1907940 
2049789 
1917159 
1874837 
1920791 
1864920 
1959973 
2198692 
2184166 
2270071 
2202955 
2270210 
2266229 
2263924 
2287042 
2268816 
2183955 
2254497 
743327 
918490 
1095261 
1089254 
1391670 
1552934 
1440977 
1385106 
1687310 
1709869 
1595817 
1691641 
1607552 
1533728 
1615862 
1593094 
1625081 
1649176 
1747653 
1936925 
2006768 
1898582 
2033796 
1869318 
1985814 
1909898 
1919814 
1906753 
1949845 
1908779 
1876444 
1995033 
1965840 
1875395 
1956201 
1932385 
1998874 
1932175 
1949218 
1979947 
1976037 
2006837 
1985535 
2005928 
1915973 
1880213 
1980856 
1922607 
1979109 
1906265 
1974080 
1851927 
2016405 
1943001 
1906127 
1890200 
2011446 
1888734 
1901096 
1882378 
1928195 
2013891 
1865477 
2019827 
1915903 
1905776 
1971845 
1898234 
2012843 
1905845 
1906473 
1963535 
1857376 
1887268 
2004601 
1913179 
2004252 
1903332 
1943141 
1936157 
2024367 
1950963 
1984208 
1880772 
1861216 
1899631 
1923795 
1928684 
1861566 
1898023 
1947542 
1953826 
1997338 
1861286 
1929242 
1994057 
2015567 
2015567 
1950055 
1879864 
1867572 
1938182 
1981764 
1894043 
1991890 
1869876 
1913248 
1881051 
1878817 
2011238 
1885660 
1958507 
1884474 
1902353 
1927008 
1959623 
1894671 
1909268 
1984068 
1863172 
1948589 
1919813 
1956481 
1931058 
1942861 
1993498 
1920792 
1878397 
1925123 
1875673 
1948449 
1963255 
1939928 
1976596 
1891598 
1947054 
2006696 
1889922 
1950195 
1936716 
1921769 
1906892 
1964932 
1894113 
1949426 
1958436 
1928057 
1943420 
1942794 
1926518 
1924353 
1853883 
1978201 
1984278 
1905147 
1995732 
1953268 
1927776 
1872880 
2001808 
1896417 
1947541 
1934620 
1945725 
1947471 
2076399 
1937414 
1956202 
1931410 
1959973 
1964024 
1869877 
1912270 
1922747 
1865897 
1874276 
1951382 
1943492 
1949916 
1862543 
1870436 
2020526 
1898163 
1944188 
1943769 
1884264 
1944050 
1869388 
1893762 
1861636 
2119701 
2000481 
1910594 
1926239 
1949149 
1922677 
1880074 
1882729 
1948240 
1880493 
1902913 
1924493 
1883845 
1980366 
1958995 
1867782 
2100354 
1974220 
1886290 
1930430 
1959834 
1956830 
2021992 
1920304 
1948589 
1957667 
1921630 
1896346 
1948169 
2013262 
1921561 
1974569 
1986024 
1890971 
1938112 
1970240 
1926239 
1886079 
1900818 
1949985 
1929102 
1940557 
1955713 
2018012 
1927287 
1973872 
2003275 
2021016 
1945096 
2010888 
1984210 
1873648 
2065714 
1935039 
1952711 
1999154 
1962487 
1924353 
761278 
758413 
845785 
879240 
1012218 
1151204 
1238296 
1485886 
1376514 
1002440 
1204145 
1059362 
1226144 
1294170 
1343409 
1391529 
1374627 
1553283 
1438256 
1236132 
827277 
1160283 
1323016 
1297662 
1534985 
1550280 
1517175 
2003695 
2115302 
2272795 
2277826 
2252540 
2207004 
2183466 
2283341 
2167405 
2272515 
2271680 
2272654 
2282363 
2258407 
2224534 
2269441 
2179905 
2203933 
2268883 
2179276 
2269791 
2184514 
2266999 
2177181 
2393691 
2278452 
2169079 
2271260 
2275588 
2272725 
2191569 
2278940 
2266859 
2181930 
2279080 
2266858 
2280197 
968428 
762883 
1109438 
1257643 
1378818 
1561315 
1481416 
1504884 
1451174 
1664332 
1536661 
1687170 
1722650 
1584853 
1820568 
1892785 
1909478 
1926798 
1918068 
1866524 
1920652 
1949078 
1903400 
1899630 
1918000 
2032678 
1877422 
1955922 
1867153 
1943630 
1967516 
1948100 
1917579 
1978204 
2020386 
1888314 
735366 
857520 
1123267 
1190455 
1056569 
1238366 
1234874 
1379447 
1815191 
1993357 
1971218 
1940137 
1878607 
1897395 
1909686 
1951242 
1877629 
2028139 
1988190 
1932525 
1909826 
1899001 
1860448 
1953060 
1892365 
1877769 
1929103 
1886638 
1861287 
2002157 
1880911 
2003765 
2004462 
2006418 
1902424 
1875254 
1899979 
1951243 
1960671 
1874418 
1985046 
1918696 
1996781 
1946423 
2011097 
1952081 
1915414 
1909826 
1941953 
1872390 
1937205 
1965699 
1925263 
1962836 
1887616 
1952221 
1927426 
2011867 
1914506 
1899700 
1913947 
1916670 
1875675 
1902422 
1881331 
2009492 
1872670 
2035123 
1933781 
2024786 
1952711 
1972754 
1897255 
1929172 
1878957 
1960043 
1981344 
1930359 
1954875 
1975198 
2067948 
1864150 
1967376 
1943700 
1902633 
1979249 
1866107 
2018779 
1854512 
1938462 
1859959 
2090788 
1871343 
1938741 
1958438 
1949496 
2014240 
1890690 
2064665 
1942863 
1887547 
1912899 
1868410 
1948868 
1925123 
1882588 
1903401 
1960113 
1944328 
2006068 
1861986 
1913807 
1936296 
2004602 
1874137 
1956760 
1910943 
2002506 
1923864 
1944329 
1860588 
2026742 
1986932 
1948029 
1955574 
1907242 
1969401 
1904937 
1993916 
1923238 
1881680 
1938880 
1928613 
2001947 
1923936 
1875953 
1973243 
1956272 
1938252 
1960114 
1869457 
1917300 
2025274 
1937554 
1921489 
2009211 
1950264 
1952432 
1856536 
2009351 
1982811 
1938251 
1969752 
1979039 
1876023 
1932455 
1901517 
1943769 
1871972 
1883217 
1933712 
1914576 
1945236 
1922467 
1944608 
1935598 
1948798 
1904378 
1952150 
1948450 
1875184 
1966258 
2022621 
1958715 
2016965 
1972125 
2008164 
1995382 
2009211 
1933854 
1956760 
1884334 
2010468 
1865686 
1949149 
1987421 
1899630 
2009979 
2003065 
1965351 
2018291 
1961719 
1861635 
1867991 
2009700 
1951731 
1873509 
1983858 
1921562 
2020665 
2022483 
1883216 
1886918 
1920582 
1958368 
1872042 
1941185 
1868480 
1938880 
1950265 
1989306 
1869947 
1972475 
1914505 
1922189 
1940557 
1912760 
1917928 
1923445 
2014380 
1883426 
1893902 
1979669 
1857794 
1950265 
1951452 
2010119 
1984139 
1911293 
1972056 
1930080 
1933782 
1930361 
1938461 
1904448 
2278801 
1932525 
1927009 
1889921 
1908010 
1918626 
1899838 
1877210 
1872530 
1865197 
1942723 
1939788 
1867572 
1878609 
1961719 
1941115 
1975897 
1959833 
1906264 
1895160 
1995452 
1946844 
1891599 
1957248 
1890410 
1965212 
2005789 
1923515 
1939789 
1926588 
1986933 
1867153 
1859401 
1871133 
1873020 
1909060 
1970658 
1868131 
1879444 
1869597 
1871204 
1906683 
1942512 
1921560 
1891947 
1910944 
2006627 
1905776 
1977503 
1899491 
1941814 
1888734 
1918068 
1889433 
1941954 
1942652 
2020945 
1910177 
1874207 
1894880 
1869598 
1872880 
1896695 
1872181 
1903192 
1907801 
1943769 
1977153 
1954176 
1908220 
2073397 
1948868 
1867432 
1898651 
1966747 
1946634 
1958855 
1942931 
1904520 
1878467 
1902074 
1942932 
2009701 
1869807 
1917648 
1961719 
1972057 
1947192 
1898372 
1931478 
1980576 
1989865 
1917648 
1970589 
1902075 
1951103 
1947820 
2009213 
1988608 
1941534 
1884334 
1974430 
1992659 
1869877 
1893902 
1891598 
1915972 
1953478 
1913948 
1948798 
1956271 
1948030 
1943420 
1960602 
1887268 
1932873 
1885593 
1875534 
1904798 
1854652 
1895369 
1899419 
1872741 
1875533 
1943211 
1992239 
1989377 
1963256 
1943420 
1868061 
1975829 
1965071 
1854372 
1932596 
1919813 
1933572 
1903681 
1947331 
1946772 
1874976 
1885242 
1892227 
1954665 
1898443 
1990563 
1948448 
1873719 
1915483 
1952849 
1891530 
1883705 
1928334 
1956830 
1940697 
1862753 
1871343 
1990913 
1981276 
1905985 
1954664 
1953060 
2000621 
1981067 
1899210 
1914855 
1992102 
1945375 
1892016 
1923934 
1891597 
1983022 
1916670 
2022064 
1881959 
1963255 
1880632 
1902492 
1958159 
1953547 
1982043 
1920651 
1866663 
1848785 
1881820 
1883287 
1957459 
1919535 
1966819 
1989446 
1858352 
1991192 
1940768 
1869527 
1999855 
1886429 
1966747 
1942165 
1951802 
1987631 
1875115 
1958226 
1933225 
1964932 
1952919 
1897464 
2031980 
1972825 
2003205 
1899281 
2011725 
2008583 
1927845 
1873090 
1906825 
1932245 
1906124 
1897953 
1969891 
1953689 
1936086 
1886918 
1911573 
1946493 
1860937 
1873299 
1953757 
1931200 
1938950 
2027370 
1925052 
1947331 
1894392 
1900817 
1924984 
1959484 
1966118 
1913249 
1993357 
1960323 
1916391 
1999015 
1952780 
2008164 
1939299 
1958227 
1882658 
1895162 
1919813 
1988608 
2023668 
1889572 
2025344 
2004532 
1917160 
1952709 
1980716 
1958995 
1992240 
1944957 
1999294 
1903191 
1950055 
1895649 
1951871 
2013124 
1926448 
1950195 
1888247 
1904308 
1977224 
1865895 
2015846 
1962908 
1951103 
1989795 
1894600 
1994824 
1952779 
1946004 
1864569 
1964513 
1859331 
1939229 
1980716 
1958646 
1867712 
1872880 
1939719 
1854441 
1995802 
1943840 
1892505 
2014100 
1898651 
1889851 
1973035 
1967864 
2041827 
1948099 
1878607 
1949218 
1944468 
1876372 
1969752 
1953547 
1957528 
1868549 
2006138 
2180114 
1973174 
1887477 
2053421 
1923515 
1949147 
1922400 
1968074 
1915902 
1932874 
1958576 
1973942 
1897325 
2023459 
1931270 
1976595 
1928125 
2038405 
1938042 
1956692 
1995662 
1868480 
2059497 
1977293 
1969194 
2000062 
2012494 
1977922 
1955154 
1964933 
1938810 
1938950 
1906614 
-998087450 
1951103 
1925191 
1905496 
1856258 
1949008 
1861496 
2015707 
1952360 
1957319 
1901864 
1939720 
1942722 
1873857 
2026882 
1853045 
2006489 
1922118 
2018361 
1885452 
1980785 
1948169 
1943630 
1876302 
1988049 
1906615 
1979249 
1996570 
2002507 
1914576 
1955156 
1992100 
1859052 
1892924 
1947331 
1869878 
1875534 
1914505 
2009421 
1949636 
1992380 
1959903 
1914227 
1941955 
1890968 
1942722 
1896346 
1974290 
2016824 
1998317 
1892156 
1928264 
1978342 
1855001 
1910245 
2003624 
1947471 
1877490 
1881051 
1951731 
1965141 
2006697 
1938531 
2021855 
1902633 
1899559 
1870855 
1875743 
1948588 
1869527 
1875116 
1945655 
1947890 
1870016 
1959554 
1879656 
2013751 
1864638 
1914017 
2020596 
1941465 
1976036 
1948798 
1940068 
1955293 
1908848 
1991052 
1924982 
1947124 
1862613 
1926798 
1917369 
1963116 
1963535 
1999365 
1959903 
1892645 
1891390 
1961998 
1869947 
1984557 
1899699 
1983721 
1857095 
1875883 
1945027 
1906334 
1946914 
1858632 
1926588 
1954665 
1917509 
1903471 
1891320 
1916182 
1943210 
1941535 
1918905 
1943211 
2020596 
2192197 
2185282 
2331811 
2359258 
2164122 
2165587 
2179276 
2216083 
2179136 
2264344 
2398021 
2179975 
2191501 
2194571 
2164959 
2193174 
2218389 
2172502 
2264693 
2263437 
2183536 
2198623 
2185003 
2164400 
2179836 
2181232 
2196248 
2264343 
2172641 
2178926 
2349272 
2183957 
2278312 
2276705 
2362052 
2213150 
2270073 
2188705 
2194083 
2178579 
2191848 
2269651 
2195968 
2166774 
2190035 
2265111 
2270908 
2183606 
2265461 
2269374 
2183816 
2265391 
2185981 
2182140 
2184376 
2184025 
2270349 
2185701 
2183676 
2184166 
2185073 
2269514 
2203302 
2265461 
2168032 
2270071 
2188216 
2188635 
2166285 
2182279 
2270350 
2266300 
2168313 
2183048 
2277963 
2270560 
2184375 
2191011 
2270769 
2264344 
2279010 
2190102 
2278385 
2287042 
2272585 
2185701 
2175435 
2271259 
2167753 
2279359 
2350320 
2184934 
2285298 
2186470 
2281595 
2285226 
2271258 
2189615 
2277892 
2182978 
2191150 
2188775 
2275240 
2265531 
2278312 
2275099 
2274820 
2271539 
2290604 
2188357 
2185562 
2177111 
2265601 
2265880 
2202534 
2177113 
2196597 
2282781 
2178787 
2268255 
2192197 
2186609 
2199949 
2278942 
2178647 
2184444 
2182908 
2191568 
2183259 
2183606 
2188635 
2270910 
2181301 
2286765 
2263854 
2264064 
2276845 
2272376 
991476 
972757 
1010054 
1058734 
1229007 
1236482 
1257014 
1316240 
1376096 
1544692 
1612230 
1389855 
1675996 
1866175 
1902353 
1889572 
1793051 
2000551 
1952081 
1990704 
1936366 
1967166 
1923096 
1927496 
2000692 
1975756 
1903959 
1969402 
1923096 
1976246 
1993987 
1908989 
1886779 
1872391 
1944188 
1944399 
1944258 
2011655 
1869459 
1946144 
-998056510 
1880912 
1989516 
1907871 
1868759 
1946493 
1933502 
1893623 
1946844 
2003274 
1994893 
1964513 
1911153 
2003065 
1946424 
1988818 
1876721 
1969054 
1948030 
1869667 
1987141 
2004043 
1895021 
1869807 
1866245 
1957389 
1966677 
1987980 
1924213 
1946914 
1889153 
1914575 
764141 
860382 
979113 
1233130 
1231033 
1267981 
1387478 
1609017 
1413600 
1539804 
1554960 
1677602 
1546160 
1604199 
1630459 
1725723 
1769935 
1924004 
2017871 
1941604 
1955016 
2002577 
2208472 
1942024 
1924353 
2266718 
2195759 
2282924 
2192127 
2284600 
2272445 
2183259 
2191778 
2278032 
2182000 
2278312 
2188286 
2271676 
2176553 
2181092 
2202115 
2217340 
2266232 
2271118 
2205607 
2267207 
2272166 
2283131 
2179067 
2194503 
2179835 
2180395 
2167263 
2281804 
2265321 
2280127 
2169011 
2178368 
2265531 
2270280 
2182070 
2187450 
2273074 
2270769 
2180045 
2190311 
2274054 
2186958 
2198972 
2194851 
2188635 
2265812 
2299963 
2268394 
2319310 
2291163 
2178089 
2182628 
2191428 
2166008 
2268464 
2176133 
2189893 
2267906 
2263645 
2357723 
2268534 
2268396 
2294375 
2263645 
2181720 
2349621 
2165030 
2248420 
2194223 
2179905 
2269302 
2280828 
2176832 
2188495 
2288579 
2263645 
2263857 
2181441 
2188845 
2263994 
2269581 
2268325 
2264203 
2178159 
2199530 
2178438 
2178789 
2201486 
-997821841 
2176692 
2178089 
2189893 
2264343 
2281317 
2269023 
2282852 
2188775 
2180463 
2295356 
2188286 
2268953 
2288090 
2264065 
2264276 
2286064 
2182489 
2189124 
2296960 
2175437 
2186749 
2284249 
2261131 
2195550 
2197785 
2188914 
2287881 
2214546 
2263854 
2264693 
2213499 
2268325 
2270769 
2309672 
2183746 
2264483 
2216013 
2277266 
2203302 
1065648 
1192411 
1059293 
1381054 
1434622 
1429175 
1528349 
1485886 
1618446 
1662377 
1580521 
1760783 
1969471 
1900608 
1866594 
1899419 
1937972 
1874556 
1961651 
1985116 
1888105 
1948380 
1946842 
2024857 
2007116 
1921001 
1900607 
1896696 
1994544 
1905915 
1967376 
1927218 
1917159 
1949356 
1993637 
1925680 
1946635 
1994404 
1917998 
1954804 
2013681 
1919953 
2024647 
1893902 
1927566 
2023179 
1926101 
1911153 
1930290 
1994614 
1941815 
1982951 
1858632 
1891040 
1898861 
1902005 
2007046 
1871203 
1920024 
2011237 
2009562 
2019897 
1923377 
1880772 
1925263 
1864289 
1964652 
1942582 
1901165 
1954946 
1948658 
1982322 
1876511 
1873160 
1989446 
1943071 
1899281 
1944258 
2214756 
2187168 
2285995 
2269373 
2273772 
2490283 
724400 
761625 
872884 
880567 
1179001 
1107903 
1374418 
1242766 
1384197 
1623474 
1682491 
1678372 
1664053 
1848365 
1839496 
1942723 
1909337 
1949985 
1860727 
1956620 
1863801 
1886848 
1895858 
1881961 
1939649 
1876093 
1965001 
1994055 
1877979 
1906054 
1910175 
1926101 
1893902 
1909616 
1953407 
1904729 
1969122 
1961509 
1936857 
1951103 
1990145 
1947331 
1965141 
1907871 
1898933 
1944747 
1875743 
1920441 
1944677 
1866803 
1943560 
1926378 
1924774 
1936017 
1926381 
1954525 
1971776 
1858772 
1950404 
1960044 
1913668 
1890620 
1872113 
1906264 
1973103 
1942514 
1888315 
1954245 
1949356 
1898512 
1979808 
1902143 
1888175 
1974570 
1908988 
1911364 
1938182 
1920023 
1907941 
1995802 
1887826 
1928963 
1866175 
1868622 
1934341 
1923865 
1980927 
1925889 
1920931 
1984906 
1875254 
1963746 
1962697 
1871902 
1934131 
1853325 
1862403 
1893972 
1951803 
1935528 
1925121 
1903750 
1920232 
1876373 
2021084 
1881960 
1864988 
1950475 
1902004 
1968704 
1902423 
1906684 
1948659 
1992938 
1960812 
1894670 
1963395 
1905566 
1944538 
1886640 
1871902 
1950125 
1925192 
1960112 
1953130 
2004532 
1970239 
1946213 
1990284 
1943980 
1995872 
1994824 
1876303 
1980716 
1907522 
1946633 
1899140 
2020876 
1873299 
1938671 
1866454 
1921559 
1854232 
1988470 
1941325 
1885033 
1858981 
1883705 
1921629 
1976734 
1907452 
2001948 
1910944 
1994195 
1868620 
1900747 
1948868 
1966608 
1888944 
1948101 
2024157 
1940906 
1980717 
1866524 
1909128 
1977293 
1932874 
1929105 
1995382 
2023809 
2015776 
1856537 
1919397 
1915344 
1895300 
1915134 
1929312 
1903752 
1934550 
-998057347 
2001738 
1909756 
1968356 
1928474 
1870435 
1987770 
2013332 
1899769 
2026113 
1957600 
1909826 
1961998 
2031421 
1905216 
1961720 
2008163 
1914785 
1886290 
1985116 
1984349 
1940416 
2011517 
2026043 
1986513 
1924703 
1919395 
1944188 
1883566 
1972265 
1926868 
2034075 
1987211 
1879447 
1985884 
1995522 
1955922 
1900607 
1902773 
1953477 
1921070 
1920512 
1865267 
1871903 
2022551 
1981414 
1883845 
1968074 
1904728 
1947961 
1939998 
1897185 
1866454 
2014379 
2013683 
1967725 
1995523 
1909198 
2017662 
1870856 
1961160 
1948099 
1869108 
1939020 
1923307 
1977503 
1878607 
1973313 
1943560 
2024019 
1869178 
1994476 
1902423 
1934480 
1905007 
2004602 
1870717 
1897185 
1935667 
1885521 
1945934 
1856816 
1898374 
2020874 
1943979 
1990633 
2029186 
1890969 
1997409 
1956480 
1896346 
1968145 
1881191 
1883776 
1977992 
1880702 
1875536 
1971287 
1892924 
2007256 
1895998 
1916253 
1982671 
1973802 
2015636 
1930849 
1945238 
1952360 
1930429 
1957249 
2013751 
1995454 
1898302 
1987909 
1909268 
1945166 
1924565 
1987491 
1878677 
1883008 
1880143 
1951942 
1902144 
1891876 
1959484 
1911432 
1939650 
1892715 
1983092 
1883845 
788865 
1256246 
1222513 
1302970 
1363523 
1238228 
1451803 
1430990 
1590998 
1540502 
1609646 
1821686 
1940487 
1886012 
2014309 
1890759 
1943699 
1946283 
1918976 
1868061 
1947401 
1916880 
1892994 
2021015 
1927147 
1971706 
2000551 
1892157 
1959764 
1868898 
1896207 
1920025 
1934411 
1978969 
1909896 
1967026 
1872393 
1984208 
1941674 
2020595 
2082196 
2008583 
1925052 
2004672 
1911783 
1855489 
1861495 
1869387 
1973173 
1901795 
1894251 
2004671 
1977154 
2013122 
1895578 
1941045 
1938672 
1879445 
1947680 
1880003 
1902912 
1943420 
1884962 
1947192 
1886849 
1959763 
1873019 
2003275 
1940349 
1967446 
1900048 
1956830 
1906893 
1936646 
1901165 
1880981 
1933154 
1856607 
1880144 
1922607 
2017662 
1895790 
1925820 
1878258 
1925191 
1965979 
2017734 
1870994 
1948239 
1964862 
1939858 
1868412 
1960951 
1987280 
1928543 
1943001 
2113766 
2189892 
2270001 
2203512 
2265112 
2184586 
2173758 
2179905 
2276218 
2278522 
2267069 
2184584 
2194292 
999159 
1133254 
1095330 
1182353 
1289001 
1491404 
1612371 
1455365 
1558312 
1666846 
1731729 
1739691 
1832791 
1740809 
1931130 
1948309 
1930989 
1937344 
1954525 
1890899 
1864290 
1936506 
1976736 
1854721 
1939719 
1987282 
1932874 
1946216 
2007185 
1860797 
1920444 
1974360 
1844665 
1854581 
1911642 
1894111 
1865896 
1897883 
1890969 
1911433 
1912413 
1993986 
2069136 
2007046 
1863311 
1898931 
1915763 
1893343 
1855419 
1950195 
1853394 
1945237 
1940626 
2007745 
1982671 
1877350 
1932874 
1904937 
1891040 
1871483 
1863660 
1866525 
1855908 
1856816 
1887407 
1912899 
1932525 
1874276 
1846622 
1929172 
1844385 
1917650 
1943839 
1884056 
1848435 
1847946 
1900467 
1981903 
1977084 
1935178 
1980227 
1944887 
1879307 
1919535 
1891318 
1876651 
1953757 
1865407 
1837819 
1967378 
1905217 
1896556 
1912062 
1855209 
1904240 
1915065 
1849693 
1899560 
1839984 
1932246 
1920163 
1855489 
1892856 
1882658 
1942861 
1884963 
1850182 
1915344 
1910524 
1987281 
1944398 
1847597 
2001041 
1970309 
1900049 
1988677 
1918207 
1892576 
1836981 
1953617 
1925889 
1836912 
1894812 
1841451 
1961998 
1944679 
1868410 
1977574 
1908708 
1914366 
1918976 
1835585 
1917718 
1918627 
1957947 
1837330 
1853534 
1877349 
1842149 
1822456 
1961020 
1911712 
1918976 
1912061 
1883286 
1893763 
1829229 
1910806 
1952918 
1918906 
1989027 
1864289 
1882867 
1860099 
1875464 
1923936 
1905426 
1905915 
1897185 
1854302 
1912900 
1829229 
1867781 
1830416 
1841032 
1857305 
1984976 
1892925 
1940696 
1980506 
1883287 
1830206 
1925333 
1884264 
1889712 
1868690 
1900607 
1871483 
1869109 
1862683 
1873719 
1832581 
1895927 
1914855 
1948169 
1993708 
1845641 
1851718 
1934202 
1893064 
1930988 
1857444 
1883287 
1937066 
1981414 
2130808 
2132901 
2228305 
2230540 
2184445 
2136884 
2129409 
2131714 
2220063 
2219435 
2244369 
2215524 
2136673 
2139396 
2128781 
2134160 
2217829 
2113137 
2137022 
2227677 
2235500 
2128641 
2134927 
2206794 
2214267 
2226490 
2124311 
2209798 
2122983 
2128711 
2217899 
2140165 
2226770 
2231517 
2297658 
2135347 
2158114 
2207143 
2219087 
2227607 
2128362 
2125079 
2122495 
2129339 
2137091 
2222159 
2124380 
2134368 
2223907 
2123263 
2122565 
2245207 
2165168 
2126895 
2130038 
2165659 
2210915 
2126615 
2141212 
2124311 
2135975 
2144495 
2133041 
2108458 
2246395 
2146870 
2213639 
2157276 
2124452 
2217270 
2225442 
2212870 
2115441 
2209728 
2096654 
2116558 
2193943 
2126475 
2116421 
2193803 
2193873 
2109783 
2136672 
2126266 
2210984 
2118094 
2132205 
2127663 
2206864 
2211473 
2123822 
2127806 
2234102 
2121866 
2112437 
2193873 
2138909 
2109016 
2200299 
2127106 
2110552 
2127663 
2109854 
2207352 
2294585 
2117606 
2121238 
2122358 
2195968 
2122495 
2118165 
2110203 
889297 
1013685 
1266932 
1311700 
1471569 
1487283 
1421142 
1356679 
1621449 
1635348 
1798777 
1853255 
1794588 
1833210 
1842639 
1874416 
1852765 
1874139 
1937344 
1810232 
1934690 
1928893 
1913248 
1931966 
1922817 
1927706 
1803946 
2005861 
1854721 
1808835 
1935949 
1877699 
1847318 
1821548 
1820987 
1842219 
1807857 
1830416 
1861706 
1824060 
1837819 
1800804 
1796683 
1891877 
1872532 
1856397 
1806041 
1848715 
1818473 
1829301 
1897604 
1957458 
1949917 
1872251 
1842778 
1869598 
1930430 
1832931 
1849692 
1832441 
1909619 
1854232 
1852696 
1806601 
1860238 
1807857 
1813234 
1874558 
1827622 
1901585 
1799896 
1861915 
1828390 
1846482 
1877419 
1792422 
1844734 
1934760 
1828880 
1883915 
1884334 
1919046 
1859121 
1817496 
1914018 
1905496 
1841661 
1812189 
1913667 
1838100 
1835793 
1824689 
1860868 
1810441 
1800594 
1896279 
1907173 
1935598 
1917578 
1841171 
1905217 
1772517 
1828461 
1808765 
1853254 
1826716 
1832232 
1868130 
1860310 
1879794 
1821406 
1860100 
1879515 
1862056 
1934899 
1856607 
1850531 
1800314 
1845990 
1787325 
1826784 
1790048 
1764554 
1763228 
1776428 
1811349 
1835235 
1853674 
1726631 
1756174 
1734174 
1734523 
1786695 
1751285 
1808486 
1799408 
1779362 
1844804 
1771260 
1727679 
1686821 
1820430 
1732498 
1751845 
1737456 
1778314 
1667616 
1635208 
1640096 
1747445 
1661887 
1659305 
1685075 
1638001 
1642264 
1639538 
1662726 
1614885 
1666428 
1649805 
1716155 
1732917 
1668244 
1681862 
1679558 
1666707 
1693875 
1652948 
1677882 
1707843 
1642123 
1662586 
1612020 
1640167 
1653367 
1695900 
1645267 
1647570 
1641912 
1609017 
1603222 
1650573 
1595189 
1629691 
1715177 
1614604 
1628643 
1607970 
1656511 
1589462 
1604687 
1623684 
1521994 
1542248 
1607343 
1575493 
1606223 
1541969 
1528001 
1547976 
1564878 
1531562 
1479809 
1576193 
1602871 
1527791 
1531563 
1545531 
1452920 
1478343 
1497690 
1449288 
1466400 
1456413 
1517805 
1466191 
1443772 
1443841 
1444540 
1473314 
1430293 
1457950 
1423098 
1534637 
1503486 
1422050 
1448382 
1394184 
1401238 
1439302 
1425612 
1482045 
1395791 
1378888 
1382590 
1454738 
1419327 
1434064 
1413321 
1392577 
1415136 
1432529 
1404380 
1400959 
1399494 
1374069 
1412412 
1429874 
1364361 
1439930 
1398305 
1428406 
1381891 
1421982 
1477854 
1436857 
1377702 
1361358 
1386152 
1388317 
1435949 
1429035 
1367364 
1450755 
1402215 
1391740 
1381263 
1397746 
1389155 
1393766 
1390203 
1424216 
1397396 
1377770 
1388038 
1350951 
1417720 
1409340 
1383987 
1388317 
1319592 
1352697 
1322246 
1417860 
1400819 
1330209 
1342990 
1372045 
1369739 
1326228 
1401099 
1396977 
1521436 
1527092 
808350 
507610 
804508 
901868 
952363 
963678 
1129902 
1161820 
1294311 
1217134 
1355840 
1302272 
1264138 
1332932 
1256874 
1317078 
1287256 
1276779 
1244862 
1236969 
1215528 
1290957 
1250380 
1223071 
1242557 
1262113 
1222582 
1281389 
1221394 
1219160 
1229916 
1234455 
1212455 
1184728 
1166010 
1189128 
1199884 
1181794 
1141775 
1153229 
1147014 
1175997 
1136187 
1179770 
1161680 
1144150 
1202609 
1161470 
1169362 
1194856 
1128645 
1187173 
1296406 
1233128 
1215807 
1197859 
1132416 
1145197 
1190944 
1135000 
1142194 
1218182 
1141566 
1138283 
1271681 
1152042 
1141775 
1142055 
1179210 
1152670 
1193667 
1167547 
1160982 
1142403 
1171458 
1159445 
1184239 
1165312 
1273148 
1312399 
747936 
717486 
943634 
776851 
1062296 
984910 
1094771 
1113700 
1158817 
1263789 
1254710 
1104131 
1165522 
1131368 
1175369 
1134303 
1117191 
1181235 
1165731 
1161470 
1117820 
1140030 
1096238 
1102873 
1129275 
1126131 
1141076 
1098124 
1147153 
1149108 
1109439 
1067533 
1100708 
1123757 
1106644 
1120543 
1064810 
1065717 
1090791 
1047069 
1101687 
1113558 
1059780 
1075287 
1016897 
1018435 
1072004 
1002161 
1090232 
1041344 
983444 
1029190 
977857 
984351 
972270 
974643 
1021647 
977369 
1009216 
963050 
1020669 
1039806 
1002021 
989381 
1004117 
1029609 
1029889 
978904 
960815 
1003977 
1017596 
1031984 
1021368 
995526 
1038968 
956206 
970592 
1013475 
984422 
1035406 
962002 
998460 
1031844 
978834 
1002231 
1019622 
1024161 
1007889 
983583 
967100 
1022206 
971571 
961374 
992245 
965075 
969405 
964376 
956345 
983164 
974993 
967171 
1015781 
1008516 
990008 
1031564 
1018853 
969825 
976320 
994549 
978694 
946288 
997901 
942656 
923240 
984282 
995177 
919608 
962423 
961164 
910389 
974783 
875537 
931481 
941818 
906338 
851512 
902147 
893976 
845366 
925125 
840547 
845785 
851931 
872116 
880636 
866179 
869182 
881824 
865690 
820154 
808559 
845086 
799201 
866389 
854655 
874002 
830071 
915557 
838452 
788933 
820292 
838801 
768121 
772451 
812820 
852909 
839919 
780902 
807582 
765327 
813308 
777759 
769448 
850745 
810865 
837614 
830981 
860382 
817499 
862337 
839080 
796407 
890415 
845576 
809607 
845088 
825810 
790541 
777759 
774407 
795429 
790052 
839080 
775245 
772870 
831607 
787327 
814845 
771124 
755340 
799410 
755689 
824134 
782787 
761207 
762812 
817429 
836008 
774337 
755759 
828045 
783137 
729009 
790471 
729360 
736203 
758134 
793475 
790471 
787677 
760019 
715390 
780064 
721886 
722933 
782648 
765538 
815963 
745562 
773988 
741860 
724120 
752686 
725796 
803950 
769798 
790540 
863805 
838661 
825671 
847391 
822039 
818409 
821550 
804508 
800807 
820223 
790260 
766095 
800528 
764908 
754222 
796268 
802273 
740463 
779156 
752896 
754223 
740394 
758064 
782997 
755061 
739975 
744724 
742419 
780274 
752896 
750242 
778248 
754921 
744305 
758972 
786141 
793892 
740394 
788096 
778807 
778248 
785233 
752337 
741860 
786071 
751568 
765258 
749892 
749683 
740254 
737880 
732920 
756459 
743606 
762533 
736831 
751009 
790052 
772660 
738089 
747238 
750660 
781252 
737390 
744165 
784534 
785722 
765188 
745074 
755481 
773569 
747308 
727892 
728171 
762534 
756038 
717555 
724610 
736343 
702260 
726705 
747448 
748845 
705612 
705892 
722235 
731314 
703866 
704146 
713295 
743538 
753873 
718114 
716719 
744445 
703587 
695137 
716298 
705263 
730547 
697441 
694578 
692902 
720209 
686057 
715810 
673485 
699257 
705054 
668736 
425337 
507401 
603713 
425895 
517319 
505795 
624945 
544209 
588418 
619707 
585135 
557129 
579828 
606856 
538062 
625573 
560551 
537922 
589815 
602177 
546164 
622222 
544697 
653440 
563205 
537363 
618869 
642127 
642267 
605040 
545954 
634164 
646177 
627599 
648342 
673276 
625573 
629206 
632139 
642405 
629066 
650856 
658050 
662450 
620197 
622990 
616145 
-999386648 
696533 
609231 
613212 
661263 
622710 
615726 
662031 
610348 
619359 
656304 
655676 
604762 
656933 
649530 
642056 
607415 
638634 
644921 
642894 
626202 
627320 
626761 
625923 
729359 
636399 
641917 
603294 
600710 
600152 
605809 
600919 
605599 
601687 
606786 
601828 
602456 
616843 
609232 
600151 
493572 
201075 
599103 
442309 
486029 
574380 
533731 
573053 
557967 
544277 
576895 
485890 
553008 
547770 
504747 
558665 
476461 
488683 
541833 
489522 
484215 
498811 
492245 
476391 
476531 
496576 
538620 
569841 
524862 
559713 
551053 
475274 
539738 
535268 
551402 
543160 
530030 
568095 
566767 
590513 
589955 
596310 
599802 
690107 
565022 
571307 
563554 
564044 
563624 
567674 
595263 
569561 
555802 
556431 
589257 
577034 
546513 
574660 
542741 
545186 
541065 
574729 
571796 
558316 
569841 
578152 
563833 
537223 
531777 
537014 
528424 
528005 
525350 
528075 
510544 
522348 
506214 
519274 
511732 
539948 
512709 
522556 
518716 
609021 
509707 
513617 
526468 
500068 
501115 
504957 
499509 
510334 
535688 
502023 
513198 
548818 
508868 
533942 
530588 
515223 
510195 
508169 
534499 
534220 
505865 
499928 
498741 
492595 
492106 
502443 
503839 
474226 
490779 
490988 
467731 
464727 
471433 
468779 
472970 
491128 
480792 
467801 
459350 
460886 
470035 
468918 
468359 
496297 
490919 
459210 
479744 
459559 
492595 
485821 
469059 
473249 
468430 
476600 
472760 
469547 
469059 
475484 
469756 
560552 
467312 
473318 
470874 
467870 
468151 
472201 
470386 
468640 
475134 
457464 
477508 
450830 
452715 
447197 
447477 
464239 
440981 
442727 
452506 
445800 
451039 
459071 
438886 
460049 
442239 
470804 
438048 
447337 
423591 
432321 
422194 
429807 
436861 
420448 
428899 
449154 
427502 
522627 
428620 
433788 
419470 
434137 
420727 
420797 
433648 
429248 
427083 
426524 
432042 
428341 
428830 
427712 
433021 
430366 
430156 
445382 
433229 
428620 
444683 
429528 
433369 
438188 
420170 
420588 
423452 
415420 
404873 
403406 
398587 
395794 
393419 
390626 
392441 
399216 
133258 
291171 
382315 
293545 
331121 
399845 
358917 
370791 
371978 
406131 
409833 
391184 
391673 
390695 
401521 
391394 
401800 
399705 
410321 
390765 
406341 
390905 
399705 
401312 
399775 
415698 
392162 
399286 
412067 
406410 
411299 
410950 
412416 
403128 
400264 
387063 
389229 
391534 
390975 
387762 
397680 
390417 
388321 
378404 
389578 
385946 
382384 
382035 
379730 
380289 
377914 
367927 
367857 
365133 
385458 
374073 
375889 
373863 
366670 
367578 
367159 
367229 
367368 
368136 
364784 
365552 
375400 
373934 
369184 
368486 
368207 
367438 
372887 
378474 
367159 
364785 
365133 
373655 
364505 
368556 
373374 
374422 
365762 
367647 
364505 
366390 
378752 
376588 
364226 
360803 
367089 
357241 
352841 
370371 
353609 
349628 
349768 
351863 
357800 
354308 
348511 
360873 
355845 
354517 
351584 
363668 
348790 
348721 
358360 
351514 
349070 
362549 
353680 
349070 
360663 
352422 
348860 
362549 
354238 
352003 
349279 
352353 
352701 
351514 
348232 
354657 
348651 
349419 
354448 
356333 
348371 
461864 
350257 
351793 
351933 
349908 
360245 
356613 
350606 
338175 
340200 
338733 
348511 
345159 
333565 
332238 
326441 
337406 
326162 
326441 
326650 
327000 
328117 
339502 
338314 
326371 
328746 
349349 
326929 
326651 
342225 
326581 
333426 
350327 
328187 
338944 
336987 
342434 
334404 
324625 
328955 
327279 
336987 
323508 
333146 
327350 
323997 
328816 
333495 
326511 
324346 
324625 
327348 
324555 
324206 
324555 
329305 
323019 
320993 
325672 
314009 
312892 
312613 
321412 
310517 
316872 
310727 
328607 
309190 
307234 
306256 
326861 
311843 
318060 
309120 
318899 
311774 
321901 
311355 
326022 
306955 
320574 
309330 
307235 
308422 
311145 
309539 
315686 
310447 
309120 
314289 
308282 
309610 
306536 
308841 
309190 
307026 
306117 
309050 
308561 
315546 
308492 
399426 
311215 
303742 
308981 
300809 
296758 
288657 
282441 
279089 
277621 
271406 
272313 
267286 
275875 
274828 
275456 
270987 
275317 
258485 
268472 
255691 
265119 
260440 
261907 
257716 
257087 
258834 
258973 
268193 
258764 
249195 
258205 
249615 
269870 
259043 
248567 
250313 
257018 
248846 
257158 
249964 
248149 
248288 
248567 
249475 
257926 
249405 
248497 
248497 
261628 
259253 
245424 
251850 
246752 
250802 
235856 
237533 
232923 
245773 
228313 
237951 
238650 
242770 
239488 
230827 
229151 
228313 
230339 
236415 
226148 
232434 
230408 
227824 
226917 
219233 
218325 
227964 
218885 
226707 
226776 
226357 
218885 
227754 
237742 
218675 
226078 
218046 
217907 
220211 
226148 
218396 
217977 
226008 
218744 
218815 
226637 
218815 
227266 
227475 
219723 
218396 
227196 
218884 
227545 
218605 
218465 
222796 
216789 
225589 
212180 
221119 
217906 
207360 
215881 
206453 
207570 
220841 
207640 
208199 
216580 
216999 
206662 
214624 
215323 
214694 
215602 
214205 
214764 
215392 
207430 
214973 
216021 
206383 
206522 
207220 
207639 
206942 
216579 
215602 
222586 
196884 
233342 
218397 
207011 
206662 
214415 
218466 
215322 
215742 
214763 
217767 
214764 
207291 
215462 
207779 
208618 
205266 
200656 
206243 
212668 
202751 
194999 
198630 
195278 
199468 
201773 
198561 
193951 
200726 
194370 
195767 
199329 
194090 
212459 
198630 
194789 
193951 
194300 
194649 
196186 
194300 
199957 
208408 
211341 
197931 
196256 
196884 
194719 
215043 
194789 
203800 
198700 
194370 
194859 
194858 
194579 
194510 
194859 
195488 
197792 
194649 
198631 
198630 
206034 
197862 
194091 
194789 
200377 
192415 
185919 
182637 
193602 
183684 
184173 
180821 
180401 
184382 
179843 
184382 
180262 
180681 
184801 
184453 
184313 
184732 
180890 
184173 
179982 
183614 
191856 
180192 
184312 
200726 
180262 
180890 
180611 
180751 
180821 
182008 
179913 
198351 
185221 
186128 
189762 
180192 
184941 
190459 
188923 
180821 
183754 
181519 
194300 
183684 
181868 
179284 
175443 
173278 
169227 
166294 
174046 
162312 
159100 
165385 
157214 
169646 
155607 
151487 
151627 
148064 
157423 
158262 
149671 
146738 
145411 
146528 
146319 
147366 
146109 
154840 
145411 
151417 
145899 
146039 
145271 
145760 
145969 
158472 
145760 
145970 
154491 
147645 
145621 
147995 
146109 
145899 
146459 
146109 
147017 
145900 
160288 
149671 
145830 
146179 
146249 
151487 
158611 
146390 
72356 
159240 
143874 
143595 
49238 
149672 
141430 
138706 
139195 
136820 
136401 
148694 
46655 
46165 
46165 
129487 
130676 
128021 
127391 
43860 
125087 
123760 
123829 
108814 
108744 
122223 
122154 
122223 
131512 
122362 
122363 
130394 
122852 
122852 
124109 
122503 
122713 
122991 
122363 
122502 
122852 
123480 
122433 
122712 
122922 
123061 
122852 
120267 
118801 
119080 
116496 
116287 
114680 
113493 
112236 
204916 
110001 
107277 
106928 
105112 
105182 
114750 
103576 
101061 
107277 
107417 
98477 
98826 
99176 
98756 
98198 
122853 
98058 
98477 
98966 
97919 
98337 
98337 
97988 
110560 
97849 
107347 
97918 
99175 
97918 
98477 
97849 
97988 
106578 
98198 
97988 
98198 
98058 
98617 
98267 
98477 
192065 
99454 
108255 
99245 
98407 
97918 
96312 
96312 
94705 
92331 
92470 
89887 
89886 
88769 
88420 
86464 
86535 
84648 
84578 
84299 
83950 
84090 
84090 
83810 
83810 
84300 
97709 
85138 
85276 
84229 
84998 
83950 
84579 
83811 
84718 
83880 
83950 
84020 
93938 
84648 
98268 
84578 
84438 
83950 
84649 
84788 
84369 
83740 
91144 
84369 
84020 
84927 
84369 
84299 
82204 
81715 
80178 
80109 
78921 
75988 
76826 
82903 
82065 
79620 
79620 
79620 
71169 
71239 
71309 
71518 
71309 
71518 
71308 
71379 
71378 
83601 
71309 
71238 
71727 
71308 
72007 
71309 
72147 
71518 
73055 
71239 
81017 
72426 
71379 
71728 
71379 
71239 
84719 
71099 
71798 
71727 
71937 
71657 
71239 
71168 
71797 
80599 
71309 
71518 
71239 
71169 
69772 
78153 
67957 
66350 
65861 
64813 
64813 
63067 
61461 
62928 
63905 
62718 
60064 
59784 
68655 
59784 
59784 
60134 
59994 
59924 
60204 
60413 
60204 
69214 
60414 
60064 
59924 
60413 
60273 
59995 
60134 
60344 
59994 
60273 
70401 
60274 
60343 
59855 
60064 
60902 
59995 
69982 
27098 
38763 
60134 
60203 
59924 
59994 
58877 
78083 
55873 
55943 
54965 
54965 
53568 
51613 
50426 
49378 
48680 
47422 
47214 
45886 
45397 
44070 
43791 
56502 
42185 
40997 
40369 
39391 
38972 
46725 
37505 
36248 
35759 
35060 
34292 
33035 
35340 
31918 
30590 
29473 
29752 
28635 
28077 
27308 
26959 
25981 
24585 
24026 
41556 
22210 
22071 
30032 
20813 
20045 
20114 
19346 
19136 
18298 
16483 
15715 
14807 
12501 
12711 
11873 
12153 
11943 
11244 
11315 
10407 
9848 
10546 
9289 
9917 
8870 
9289 
8102 
7962 
7822 
7404 
7892 
6915 
6356 
6495 
6705 
4819 
5588 
4260 
4050 
4261 
3841 
3422 
3492 
3073 
3073 
3282 
3004 
3004 
2514 
2864 
2375 
2235 
2095 
1816 
1956 
1676 
1606 
1397 
1117 
977 
1187 
907 
