1956 
838 
838 
839 
839 
838 
838 
699 
698 
768 
768 
768 
768 
698 
768 
768 
698 
698 
629 
699 
698 
838 
908 
768 
839 
839 
698 
768 
768 
768 
698 
6006 
699 
838 
838 
838 
838 
769 
769 
769 
699 
768 
838 
838 
768 
769 
768 
699 
698 
838 
838 
768 
698 
768 
769 
698 
7054 
838 
768 
769 
768 
628 
838 
838 
698 
908 
908 
838 
838 
838 
769 
698 
908 
769 
768 
769 
699 
768 
768 
838 
838 
838 
698 
699 
5796 
698 
838 
838 
698 
838 
838 
908 
768 
629 
768 
699 
628 
838 
699 
768 
838 
699 
769 
838 
769 
698 
698 
698 
838 
838 
769 
698 
5937 
698 
628 
698 
699 
699 
699 
768 
908 
768 
838 
838 
1257 
769 
768 
699 
699 
699 
699 
838 
838 
1257 
838 
769 
769 
838 
838 
838 
908 
838 
7124 
838 
768 
768 
769 
699 
698 
698 
768 
838 
838 
769 
768 
908 
908 
838 
838 
768 
838 
908 
838 
768 
699 
1187 
1187 
838 
1047 
838 
7124 
698 
1048 
768 
768 
628 
838 
699 
768 
838 
769 
769 
768 
768 
698 
699 
838 
838 
838 
978 
838 
978 
978 
1048 
839 
838 
978 
977 
978 
1048 
769 
908 
838 
908 
699 
838 
839 
1746 
768 
6006 
768 
768 
908 
908 
769 
908 
768 
699 
908 
769 
838 
699 
698 
908 
1187 
698 
1187 
908 
838 
1188 
978 
977 
838 
698 
699 
769 
769 
699 
698 
699 
5936 
839 
838 
838 
768 
699 
698 
698 
838 
838 
838 
1187 
838 
769 
698 
768 
768 
838 
1048 
1048 
978 
1466 
699 
978 
698 
838 
768 
768 
768 
698 
6007 
699 
838 
698 
699 
908 
698 
838 
978 
15296 
838 
1048 
838 
768 
769 
698 
698 
838 
768 
838 
769 
1048 
838 
839 
768 
838 
838 
1047 
1048 
5936 
977 
908 
1187 
838 
839 
839 
908 
978 
908 
838 
908 
978 
978 
978 
978 
978 
908 
908 
908 
1047 
978 
1187 
768 
1258 
6356 
1117 
1048 
1048 
1048 
908 
768 
978 
838 
908 
908 
978 
908 
978 
908 
978 
908 
908 
908 
908 
908 
908 
908 
978 
908 
839 
6076 
839 
769 
838 
769 
769 
838 
768 
768 
699 
769 
698 
1188 
10407 
699 
978 
1048 
978 
838 
908 
769 
838 
838 
768 
839 
769 
1746 
838 
768 
908 
5936 
628 
628 
768 
838 
838 
908 
978 
908 
908 
839 
908 
769 
838 
908 
838 
839 
1188 
1187 
838 
908 
1048 
907 
838 
978 
907 
769 
978 
1257 
768 
5936 
769 
978 
908 
978 
908 
1047 
978 
1327 
908 
838 
838 
838 
768 
838 
768 
978 
978 
838 
908 
768 
838 
1397 
1048 
4539 
978 
908 
908 
908 
908 
1048 
977 
978 
838 
838 
978 
1188 
838 
838 
977 
838 
978 
978 
978 
1187 
838 
1327 
1327 
1467 
978 
699 
977 
838 
838 
977 
908 
908 
6007 
978 
908 
977 
908 
768 
698 
838 
838 
1047 
978 
977 
838 
699 
838 
908 
768 
908 
838 
769 
977 
978 
908 
978 
978 
908 
838 
698 
1048 
5936 
839 
838 
908 
1117 
908 
978 
908 
1188 
1118 
1048 
1048 
1257 
1187 
1257 
1047 
1187 
839 
768 
1118 
1327 
1118 
908 
1187 
1187 
1118 
1048 
978 
1117 
6216 
1187 
1117 
1047 
1048 
1047 
838 
838 
908 
838 
839 
838 
908 
768 
908 
838 
838 
768 
838 
908 
838 
908 
768 
838 
768 
6076 
838 
838 
838 
1187 
1117 
1257 
1187 
1257 
908 
1187 
1257 
1118 
977 
978 
1187 
1048 
908 
1188 
1118 
1397 
1188 
1117 
908 
1188 
1257 
1258 
6215 
1117 
1257 
1117 
1187 
1187 
1187 
1257 
1327 
1188 
978 
1187 
1048 
1187 
908 
978 
1676 
1257 
1187 
1187 
1187 
1047 
838 
1118 
978 
978 
838 
1467 
1187 
1257 
1187 
6146 
1118 
978 
1187 
1187 
1187 
1048 
1188 
908 
1187 
1257 
1117 
1187 
1188 
1187 
1536 
1257 
1047 
1327 
1188 
1257 
1187 
1257 
1048 
977 
978 
6216 
908 
977 
1327 
1188 
1118 
977 
1048 
978 
908 
978 
1257 
1047 
1257 
1188 
1188 
1257 
1257 
1048 
1257 
1117 
1047 
1117 
1048 
1048 
1048 
1187 
1117 
1117 
1257 
6286 
1117 
1048 
978 
1257 
1117 
978 
908 
1188 
1048 
1048 
977 
977 
1187 
1117 
908 
838 
908 
908 
907 
978 
838 
1187 
908 
1257 
1117 
1048 
908 
908 
1258 
7473 
1187 
908 
1257 
978 
978 
1257 
1187 
1117 
1047 
1327 
1397 
1327 
1257 
1118 
1396 
1397 
1327 
1396 
1397 
1257 
1257 
1327 
1187 
1187 
6495 
1327 
1327 
1188 
1327 
1397 
1257 
1257 
1327 
1048 
1396 
1257 
1117 
1187 
1118 
1048 
1327 
1188 
1676 
2026 
1188 
1118 
1047 
978 
978 
1397 
1257 
1257 
1187 
6565 
1327 
1188 
1048 
1396 
1397 
1327 
1327 
1397 
1257 
1047 
1118 
1117 
1397 
1257 
1327 
1327 
1258 
1327 
1327 
1258 
1187 
1117 
1118 
1327 
1396 
1327 
1257 
1187 
1047 
6286 
1048 
1397 
1327 
1187 
1537 
1397 
1047 
1048 
1117 
1117 
1047 
977 
978 
1118 
978 
1117 
1327 
1327 
1048 
1047 
1956 
1187 
1536 
1327 
1257 
1047 
1047 
1048 
1047 
1117 
7893 
1187 
1257 
1187 
1047 
1048 
978 
1047 
977 
1048 
1257 
1257 
1118 
1187 
1118 
1047 
1257 
1258 
1187 
1257 
1257 
1257 
1117 
978 
1257 
1257 
1187 
1047 
977 
978 
1048 
1048 
1257 
1257 
7962 
1257 
1188 
1257 
1258 
1257 
1118 
1117 
1047 
1048 
1048 
977 
1258 
1188 
1187 
978 
1048 
908 
978 
1257 
1188 
978 
1047 
1327 
1257 
1257 
1327 
1257 
1327 
1327 
6914 
1257 
1118 
1118 
1327 
1257 
1396 
1327 
1327 
1118 
1327 
1187 
1048 
1327 
1257 
1397 
1327 
1257 
1327 
1257 
1327 
1327 
1327 
1257 
1187 
1327 
1118 
1536 
1466 
1327 
1396 
1606 
1327 
1536 
1467 
1257 
8032 
1397 
1257 
1537 
1466 
1397 
1537 
1466 
1257 
1118 
1536 
1537 
1467 
1536 
1257 
1606 
1397 
1258 
1536 
1536 
1327 
1327 
1257 
1257 
1467 
1397 
1188 
1536 
1467 
1397 
1327 
6425 
1257 
1187 
1397 
1537 
1536 
1327 
1537 
1397 
1327 
1537 
1397 
1258 
1536 
1537 
1327 
1397 
1327 
1327 
1187 
1187 
1537 
1397 
1536 
1257 
1258 
1537 
6425 
1466 
1536 
1537 
1397 
1537 
1536 
1537 
1466 
1327 
1467 
1606 
1397 
1537 
1257 
1467 
1397 
1536 
1327 
1257 
1117 
1118 
1118 
1187 
1117 
1187 
1537 
1397 
1537 
1117 
7752 
1606 
1397 
1536 
1397 
1467 
1467 
1257 
1536 
1257 
1397 
1397 
1327 
1257 
1537 
1327 
1257 
1537 
1537 
1397 
1118 
1397 
1537 
1467 
1536 
1327 
1258 
1536 
6355 
1536 
1466 
1467 
1816 
1536 
1537 
1467 
1258 
2026 
1606 
1815 
1467 
1327 
1327 
1257 
1118 
1118 
1537 
1536 
1467 
1467 
1467 
1467 
1466 
1467 
1467 
6774 
1257 
1117 
1257 
1118 
1536 
1397 
1257 
1467 
1536 
1536 
1466 
1397 
1467 
1536 
1537 
1467 
1466 
1257 
1466 
1537 
1257 
1537 
1327 
1258 
1397 
1258 
1188 
1536 
1466 
1257 
1327 
1327 
7612 
1397 
1466 
1467 
1187 
1257 
1536 
1537 
1327 
1327 
1187 
1607 
1537 
1397 
1118 
1536 
1396 
1606 
1466 
1606 
1607 
1466 
1466 
1537 
1466 
1536 
1537 
1467 
1537 
348162 
1536 
1536 
1397 
1327 
1397 
1257 
1187 
1188 
1257 
1258 
1536 
1537 
1327 
1606 
1537 
1536 
1397 
1606 
1606 
1466 
1607 
1397 
1327 
1327 
1188 
1607 
1466 
1467 
1537 
1537 
1537 
1536 
1536 
1467 
1607 
1677 
1536 
1676 
1397 
1606 
1536 
1397 
1467 
1607 
1676 
1607 
1606 
1536 
1537 
1397 
1257 
1537 
1536 
1467 
1396 
1327 
1257 
1257 
1537 
1607 
1606 
1467 
1397 
1606 
1536 
1537 
1536 
1607 
1467 
1537 
1607 
1606 
1607 
1606 
1467 
1466 
1607 
1536 
1746 
1676 
1536 
1467 
1397 
1397 
1607 
1677 
1676 
1536 
1537 
1676 
1607 
1676 
1746 
1676 
1606 
1676 
1537 
1676 
1606 
1536 
1466 
1746 
1607 
1607 
1536 
1676 
1467 
1537 
1397 
1467 
1607 
1676 
1746 
1606 
1676 
1676 
1677 
1677 
1676 
1537 
1327 
1327 
1606 
1397 
1676 
1676 
1607 
1676 
1466 
1676 
1746 
1676 
1676 
1118 
1188 
1606 
1467 
1397 
1258 
1327 
1257 
1676 
1746 
1537 
1676 
1536 
1397 
1397 
1747 
1466 
1327 
1747 
1676 
1606 
1536 
1467 
1466 
1606 
1606 
1676 
1676 
1467 
1397 
1676 
1606 
1676 
1607 
1397 
1886 
1676 
1606 
1746 
1536 
1606 
1466 
1466 
1397 
1467 
1606 
1677 
1676 
1676 
1606 
1466 
1327 
1816 
1676 
1607 
1606 
1606 
1677 
1677 
2445 
1746 
1606 
1815 
1537 
1676 
1606 
1606 
1606 
1746 
1607 
1746 
1746 
1746 
1746 
1746 
1746 
1676 
1537 
1676 
2025 
1606 
1746 
1676 
1816 
1886 
1746 
1676 
1746 
1816 
1816 
1886 
1606 
1676 
1606 
1537 
1467 
1676 
1467 
1397 
1676 
1816 
1676 
1676 
2374 
1536 
1606 
1677 
1816 
1816 
1676 
1816 
1606 
1606 
1676 
1816 
1746 
1816 
1536 
1606 
1606 
1607 
1466 
1746 
1607 
1676 
1816 
1676 
1746 
1746 
1746 
1746 
1816 
1676 
1677 
1676 
1816 
1746 
1816 
1676 
1676 
1606 
1676 
1676 
1467 
1676 
1677 
1676 
1676 
1536 
1466 
1676 
1816 
1607 
1676 
1606 
1467 
1537 
1746 
1746 
1676 
1676 
1676 
1606 
1746 
1676 
1606 
1466 
1537 
1536 
1467 
1746 
1816 
1746 
1816 
1816 
1816 
1607 
1676 
1886 
1746 
1746 
1816 
1746 
1676 
1676 
1606 
1537 
1467 
1467 
1746 
1885 
1746 
1606 
1607 
1746 
1746 
1746 
1885 
1746 
1536 
1816 
1816 
1746 
1746 
1886 
1606 
1677 
1606 
1466 
1537 
1537 
1537 
1537 
1537 
1606 
1466 
1677 
1537 
1816 
1676 
1606 
1676 
1537 
1536 
1536 
2305 
1606 
1536 
1536 
1537 
1606 
1537 
1746 
1746 
1747 
1676 
1746 
1537 
1536 
1607 
1466 
1537 
1676 
1746 
1536 
1466 
1467 
1606 
1537 
1606 
1746 
1816 
1746 
1816 
1746 
1746 
1746 
1537 
1606 
1886 
1886 
1816 
1746 
1746 
1676 
1536 
1536 
1466 
1537 
1537 
1536 
1816 
1886 
1816 
1955 
1886 
1956 
1886 
1816 
1677 
1606 
1606 
1537 
1746 
1746 
1746 
1746 
1536 
1607 
1536 
1537 
1467 
1606 
1466 
1886 
1746 
1676 
1816 
1955 
1816 
1676 
1816 
1816 
1956 
1606 
1606 
1606 
1607 
1815 
1885 
1886 
1886 
1746 
1816 
1746 
1746 
1607 
1816 
1816 
1746 
1816 
1816 
1886 
1816 
1816 
1816 
12013 
1606 
1536 
1886 
1956 
1886 
1746 
1886 
1816 
1606 
1467 
1746 
1746 
1676 
1746 
1816 
1886 
1816 
1956 
1956 
1607 
1746 
1746 
1885 
1956 
1885 
2025 
1955 
2025 
1955 
1816 
1606 
1676 
1746 
1956 
2026 
2096 
1956 
1885 
1746 
2026 
1956 
1885 
1746 
2095 
1955 
1886 
1886 
2026 
1955 
1676 
2026 
1955 
2025 
1955 
1955 
1886 
1676 
2095 
2095 
1955 
2026 
2025 
2025 
2095 
1956 
1956 
1956 
2025 
1816 
1746 
2026 
2025 
2025 
1816 
2025 
2026 
2096 
1955 
2165 
1956 
1886 
1956 
2025 
1816 
2305 
1816 
1956 
2026 
1816 
1816 
1816 
2095 
2025 
1816 
1815 
1677 
1956 
1956 
1816 
1676 
2025 
1885 
1816 
1816 
2026 
1885 
2026 
1956 
1885 
1746 
1956 
1956 
2026 
1886 
2025 
2095 
2025 
1955 
1816 
1886 
2025 
1955 
1885 
1886 
1746 
1885 
2025 
2025 
1886 
1885 
1956 
1955 
1816 
2095 
1816 
2095 
2165 
2025 
1956 
1956 
2025 
1886 
1816 
2165 
1607 
2026 
1746 
2095 
1886 
2095 
1815 
2026 
2165 
1606 
1886 
1886 
1955 
2025 
2235 
1816 
2095 
1816 
2096 
1606 
1676 
1536 
1816 
1816 
1886 
2165 
1885 
1746 
2096 
1606 
1606 
10825 
1816 
1467 
1746 
1396 
1467 
2165 
1746 
1746 
1746 
1815 
1607 
1467 
1397 
1467 
1536 
978 
1537 
1327 
1397 
1397 
1886 
1746 
1815 
2235 
1606 
2793 
1886 
1816 
1676 
1676 
1466 
1886 
1886 
1886 
1886 
1606 
1606 
1606 
1607 
1746 
1677 
1676 
1537 
1466 
1536 
1467 
1467 
1467 
1607 
1816 
2025 
1956 
2025 
1816 
1886 
1746 
1956 
2025 
2026 
1955 
1886 
1956 
2025 
1956 
1955 
2095 
2025 
1956 
1956 
1956 
1956 
1816 
1956 
2026 
1886 
2025 
2025 
1886 
2025 
1956 
1955 
1955 
1746 
2026 
1955 
1886 
2026 
1956 
2095 
1956 
2026 
2026 
1816 
1676 
1956 
1956 
1886 
2026 
2026 
1816 
1676 
2026 
1886 
1955 
1816 
1956 
1816 
1886 
1746 
1746 
1955 
1746 
1816 
1746 
1746 
1746 
1956 
2025 
2025 
2025 
1955 
2026 
1956 
2584 
2305 
2026 
2026 
2025 
1956 
2026 
2025 
1956 
1746 
1816 
1676 
1746 
1676 
1816 
1816 
1816 
1606 
1746 
1956 
1676 
2026 
1955 
2025 
2025 
1956 
2444 
2095 
2165 
2095 
2165 
2025 
2375 
2026 
2095 
1955 
1885 
2026 
2095 
1886 
1746 
2096 
2165 
2026 
11663 
2025 
1886 
1956 
1956 
1816 
1886 
1816 
1746 
2026 
2095 
2095 
2025 
2095 
2025 
2165 
2165 
1956 
2165 
2095 
2095 
2095 
2025 
1885 
1886 
1956 
1885 
1746 
1746 
2026 
2095 
2026 
2026 
1956 
1746 
1816 
1816 
2095 
2235 
1956 
2095 
2026 
2096 
2095 
2095 
2026 
2025 
2165 
2096 
2025 
1955 
2025 
2165 
2095 
1886 
1746 
1816 
1746 
2025 
2095 
1885 
2095 
2165 
2026 
2025 
1885 
2025 
2165 
2025 
2025 
2026 
2165 
2026 
2235 
2025 
2165 
2095 
1885 
2095 
2025 
2026 
2025 
2235 
2235 
2165 
2304 
2165 
2165 
2235 
2165 
2235 
2096 
1956 
2235 
2096 
2165 
2235 
2235 
2166 
2025 
2235 
2235 
2165 
2095 
1886 
1955 
1955 
1886 
1816 
2235 
2304 
2165 
1956 
2025 
2165 
2165 
2165 
2235 
2165 
2096 
2375 
2025 
2165 
2235 
2095 
1816 
1816 
1886 
1886 
1955 
1885 
1816 
2165 
2305 
2165 
2165 
2235 
2025 
2165 
2025 
1956 
2374 
1885 
2375 
2235 
2654 
1536 
2095 
1886 
2026 
2375 
2026 
2165 
2235 
2235 
2026 
2025 
2235 
2234 
2165 
2025 
2026 
1816 
1747 
1746 
1746 
1746 
1746 
1816 
2165 
2235 
2026 
2165 
2025 
2025 
2165 
2235 
2235 
2096 
2166 
2165 
2305 
2165 
2165 
2095 
2025 
1956 
2794 
1886 
2165 
2165 
1956 
1955 
1886 
1886 
2235 
2165 
2304 
2096 
1956 
2235 
2305 
2095 
2235 
2095 
2235 
2235 
1955 
2026 
2026 
1886 
1886 
2026 
1886 
2165 
2235 
2584 
2235 
2165 
2165 
2025 
2165 
2305 
2165 
2165 
2305 
2165 
2235 
2165 
2235 
2235 
2235 
2095 
1956 
1956 
2165 
2235 
1955 
1956 
1886 
2165 
2165 
2026 
2096 
2165 
2235 
2165 
2235 
2165 
2165 
2165 
2165 
2235 
2165 
2165 
2235 
2305 
2165 
2304 
2165 
2304 
2095 
2025 
2025 
2165 
2235 
2235 
2235 
2026 
2165 
2305 
2375 
2165 
2235 
2165 
2165 
2305 
2095 
1885 
2165 
2305 
2165 
2096 
2165 
2096 
2304 
2305 
2095 
2374 
2235 
2305 
2794 
2375 
2375 
2165 
1955 
1956 
1955 
2026 
1956 
1956 
1886 
1886 
2026 
2025 
2095 
1956 
2165 
2025 
2235 
2235 
2235 
2235 
2095 
2025 
1746 
2235 
2026 
2095 
1956 
2235 
2235 
2305 
1955 
1956 
2095 
2095 
2095 
2235 
2305 
2235 
2165 
2096 
1956 
2235 
2305 
2095 
2165 
2165 
2095 
2026 
2234 
2096 
2235 
2304 
2165 
2095 
2025 
2304 
2305 
2235 
2305 
2165 
2305 
2305 
2235 
2305 
2235 
2235 
2304 
2165 
2095 
2095 
1956 
2026 
2025 
2305 
2305 
2235 
2305 
2374 
2165 
2235 
2165 
2025 
2235 
2165 
2165 
2095 
1955 
2305 
2235 
2095 
2095 
2445 
2514 
2165 
2166 
1746 
2235 
2166 
2095 
1955 
2235 
2235 
1816 
2235 
1467 
2095 
1956 
1955 
1885 
2026 
3981 
2794 
1676 
1956 
3143 
2444 
1886 
2444 
2933 
1606 
1816 
1956 
2095 
2235 
1606 
1467 
2025 
1885 
1886 
1816 
2165 
1606 
14318 
1815 
2305 
1886 
2235 
1676 
2444 
1816 
1816 
2025 
1606 
2165 
1676 
2165 
1466 
1537 
1606 
1536 
12222 
1746 
2585 
1676 
1607 
1607 
1677 
1606 
2025 
2375 
2026 
2235 
2235 
2095 
2026 
2654 
2235 
2165 
1816 
1886 
2165 
2026 
3073 
2305 
2096 
2235 
2165 
2305 
2025 
2166 
2235 
2165 
2235 
2584 
2165 
2165 
2096 
2026 
1885 
2375 
10756 
2026 
1955 
1955 
2026 
1885 
1956 
1956 
2025 
2025 
2235 
1886 
2444 
2305 
1886 
1955 
1956 
1956 
1956 
1886 
1885 
1955 
2025 
2025 
1955 
1955 
2026 
1955 
1955 
2235 
1956 
2025 
2445 
2374 
2584 
2445 
2095 
3003 
2235 
2165 
2374 
2374 
2304 
2374 
2165 
2305 
2235 
2305 
2025 
2165 
2235 
2026 
1956 
1956 
1956 
2375 
2374 
2654 
2304 
2235 
2165 
2374 
2304 
2375 
2305 
2235 
2026 
2026 
2026 
2025 
2026 
2025 
1886 
1956 
1885 
1956 
2304 
2234 
2095 
2584 
2096 
2514 
2235 
1956 
1956 
1886 
2305 
2375 
2444 
2375 
2165 
2095 
2166 
2025 
1956 
2375 
2235 
2165 
2235 
2375 
2445 
2444 
2375 
2374 
2444 
2445 
2374 
2375 
2375 
2514 
2234 
2095 
2165 
2025 
2374 
2444 
2304 
2304 
2375 
2445 
2445 
2585 
3352 
3353 
3771 
3911 
4260 
2724 
3213 
2444 
2794 
2375 
2514 
2724 
2375 
3073 
3841 
3143 
2305 
1606 
1886 
2095 
1816 
2165 
1886 
1955 
1886 
1886 
2095 
2095 
2305 
1955 
2305 
2025 
2654 
3003 
2514 
2305 
2095 
2025 
2025 
2095 
2165 
2165 
2095 
2026 
2165 
2095 
2165 
2096 
2304 
2026 
2095 
2515 
2026 
2026 
2095 
2235 
2515 
2724 
2375 
2375 
2374 
1956 
2235 
2095 
2095 
2515 
2584 
3492 
2375 
2305 
2724 
2723 
2514 
2654 
4121 
2934 
2235 
2235 
2375 
2444 
2235 
2025 
2165 
2025 
2235 
2375 
2444 
2374 
2235 
2025 
1955 
2025 
2304 
2235 
2095 
2025 
2026 
1955 
1956 
1886 
1955 
1885 
1956 
2584 
2235 
2165 
2654 
2654 
1955 
2235 
2375 
2095 
2025 
1816 
1816 
1816 
2165 
2025 
2096 
2375 
2026 
3492 
2235 
1956 
1886 
2305 
1886 
1816 
2096 
2235 
1886 
2375 
1816 
1816 
1816 
1816 
1746 
1815 
1816 
1746 
1816 
1956 
1816 
1746 
1816 
1885 
1886 
1746 
1886 
1816 
1886 
1886 
1885 
2165 
2375 
1955 
2514 
1886 
2025 
1956 
2305 
2235 
2304 
2165 
2235 
2095 
2165 
2514 
2305 
2514 
2304 
2095 
2165 
1886 
2235 
2165 
2864 
3283 
2025 
2585 
2235 
1955 
2165 
2165 
1956 
2235 
2165 
2165 
2095 
2235 
2235 
2166 
2025 
2235 
2304 
2235 
2165 
2375 
2304 
2375 
2374 
2375 
2305 
2235 
2305 
2724 
2235 
2934 
2305 
2166 
2235 
2095 
2235 
2375 
2864 
1815 
1816 
2235 
2235 
1886 
2095 
2095 
2025 
2375 
2305 
2374 
2305 
2095 
2235 
2375 
2165 
2305 
2305 
2305 
2165 
2235 
2305 
2375 
2235 
2235 
2305 
2444 
2375 
1676 
2095 
2025 
1886 
2165 
2584 
1956 
2235 
1536 
2025 
2235 
2724 
2375 
1677 
1746 
1746 
1816 
1886 
1816 
2166 
2305 
2026 
2304 
2585 
2095 
2304 
2235 
2445 
2305 
2096 
2375 
2235 
2165 
2305 
2514 
2445 
2794 
2654 
2445 
2305 
2305 
2165 
2235 
2515 
2305 
2095 
1885 
1816 
2723 
2025 
2025 
2514 
2445 
2375 
2375 
2165 
2165 
2165 
2514 
2724 
2723 
3004 
2445 
2864 
2375 
2654 
2515 
2375 
2514 
2794 
2794 
2235 
1956 
2025 
2375 
3073 
2095 
2235 
2654 
2445 
2654 
2864 
4330 
3701 
2445 
2514 
4958 
4051 
3283 
4330 
4051 
3352 
2374 
2165 
3143 
3004 
2235 
1955 
1816 
1397 
1327 
1746 
2025 
2933 
2166 
3003 
1327 
2304 
1257 
2165 
2095 
2304 
2654 
2026 
1885 
1886 
2165 
2305 
2235 
2444 
3143 
2235 
1607 
2584 
2305 
2095 
2304 
2444 
1537 
2165 
2165 
1536 
2444 
2444 
2514 
2095 
4120 
3003 
3353 
2933 
1816 
3073 
2794 
1885 
2305 
1397 
1327 
1187 
1187 
2305 
1187 
1327 
1467 
1677 
1746 
1537 
1397 
1257 
1187 
1327 
1327 
1955 
1467 
1607 
1327 
1257 
1188 
1466 
1187 
1257 
1257 
1117 
1257 
1327 
1677 
1606 
1537 
1467 
1537 
1606 
2584 
3003 
2933 
2444 
3212 
1886 
1956 
2165 
2095 
1956 
1956 
1816 
1956 
2095 
2165 
2165 
2025 
2025 
1956 
2444 
2096 
2235 
2165 
2095 
1956 
3073 
2793 
2095 
2165 
2096 
2235 
2025 
1886 
2025 
1816 
1886 
1956 
1886 
2235 
1956 
1886 
2234 
2095 
1886 
2305 
2165 
2165 
2095 
3003 
2444 
2444 
4121 
4400 
3212 
2025 
2166 
2445 
3701 
3073 
3422 
3422 
4121 
2095 
2235 
2304 
2235 
2095 
2305 
2166 
2235 
2095 
4330 
2793 
2305 
2096 
2305 
2235 
2305 
2235 
2235 
2584 
2095 
2723 
2235 
2235 
2235 
2305 
2304 
2375 
2235 
2444 
2166 
2445 
2724 
2445 
2304 
2305 
2584 
2724 
2514 
2305 
2584 
2165 
2095 
2724 
2933 
3702 
3842 
3353 
3142 
2025 
1956 
1816 
1537 
4679 
2933 
2444 
2723 
2375 
2305 
1536 
1746 
1885 
2375 
1677 
2374 
2724 
2444 
2374 
2305 
1676 
1816 
1257 
1327 
1397 
1536 
1746 
2025 
2165 
3213 
2305 
8591 
2444 
2096 
2794 
2235 
1746 
1467 
1327 
1327 
12990 
1187 
1466 
1537 
1677 
1607 
1607 
1816 
2305 
2305 
2514 
1956 
2654 
1746 
1956 
1537 
1257 
1258 
1187 
1467 
1397 
1187 
1327 
1257 
1257 
1188 
1257 
2375 
2025 
1956 
2445 
2514 
1606 
2375 
2374 
2374 
3143 
2514 
2654 
2375 
2235 
2234 
2026 
2095 
2444 
3283 
2375 
2724 
1886 
2305 
2095 
2235 
2934 
1257 
1257 
1537 
3422 
3282 
1467 
1606 
1467 
1676 
2933 
5658 
3841 
3213 
1396 
1257 
1536 
2724 
1746 
1327 
1327 
1467 
1327 
1397 
1397 
1327 
1327 
1397 
1257 
1327 
1327 
1187 
1397 
1327 
1327 
1257 
1187 
1327 
1397 
1467 
1258 
1396 
1327 
1466 
1467 
2235 
1397 
1886 
2095 
1955 
2235 
2095 
2095 
2026 
2025 
2096 
2165 
2584 
2724 
2165 
2584 
2305 
2514 
2934 
2515 
2305 
2235 
2165 
2305 
2165 
2235 
2514 
2095 
2025 
2165 
2165 
2095 
2235 
2025 
1956 
2026 
3003 
2933 
1956 
1397 
1327 
1327 
1257 
1467 
1746 
1258 
1536 
1467 
1397 
1327 
1327 
1537 
1537 
1397 
1257 
1257 
1258 
1327 
1327 
1677 
2025 
2864 
2584 
1955 
1746 
2514 
2934 
3282 
4331 
4958 
3702 
2305 
2375 
2514 
1467 
2095 
2025 
2374 
2235 
1956 
2934 
2724 
2235 
3702 
4050 
3213 
1537 
3841 
4330 
2445 
2304 
1536 
1327 
1467 
2096 
1816 
1258 
1466 
1816 
1327 
1327 
1258 
1327 
3143 
3213 
2305 
3632 
2934 
12781 
1396 
1467 
1676 
1466 
1327 
1397 
1327 
1677 
1746 
1397 
1327 
1886 
2863 
2095 
2304 
3772 
2375 
1746 
1467 
2793 
2654 
2165 
1397 
1955 
2305 
1816 
1885 
2305 
2304 
2025 
1676 
2235 
2304 
10407 
2514 
1956 
2095 
1955 
1746 
1955 
2025 
2234 
2375 
1397 
2025 
1327 
1536 
1537 
1606 
1536 
1815 
2096 
2165 
2165 
2654 
2584 
2585 
3143 
2863 
3073 
3772 
2863 
2444 
3073 
3212 
3143 
4330 
2863 
2863 
3143 
3492 
3492 
2723 
2863 
2654 
2235 
2165 
2374 
4331 
3422 
5029 
4260 
3212 
3772 
4539 
4121 
3631 
4749 
4470 
4260 
4121 
2933 
3701 
2654 
3003 
3352 
4540 
4749 
3702 
2235 
2095 
3492 
2025 
1886 
2305 
2444 
2584 
2375 
5308 
2095 
1746 
2305 
1955 
1607 
1536 
1956 
2025 
1676 
3423 
3631 
2305 
7892 
2793 
2445 
2096 
1886 
2933 
3282 
2863 
3283 
3003 
2933 
3561 
3282 
2863 
2165 
2305 
2095 
2375 
2165 
2304 
2375 
2654 
2165 
2374 
2444 
2374 
2235 
2305 
2235 
2375 
2444 
2584 
2585 
2514 
2584 
2724 
2514 
2445 
2305 
2584 
2514 
2514 
2794 
2445 
2375 
2305 
2305 
2304 
2305 
2445 
2445 
2514 
2375 
2584 
2375 
2445 
2375 
2724 
2375 
2515 
2654 
2584 
2794 
2724 
2724 
2654 
2793 
2654 
2864 
3073 
2864 
3003 
3003 
3003 
3003 
2934 
3073 
2863 
3003 
3003 
3073 
2514 
2934 
2514 
2863 
2584 
2584 
2445 
2794 
2514 
2584 
2444 
2794 
2584 
2584 
2514 
2375 
2654 
2654 
2584 
2724 
2933 
2654 
2514 
2374 
2374 
2375 
2584 
2864 
1955 
2654 
2933 
3143 
2794 
2864 
2724 
2584 
2585 
2444 
2654 
2584 
2374 
2514 
2863 
2933 
4749 
3492 
4051 
4190 
4330 
2095 
2165 
2445 
2444 
2445 
4120 
3841 
4679 
2933 
2444 
2793 
1956 
2375 
2444 
2933 
1606 
1536 
2095 
1676 
3352 
4819 
4819 
3213 
3562 
3003 
4330 
2863 
2165 
4680 
3842 
3352 
4190 
3352 
3283 
1886 
2304 
3003 
4120 
3842 
2235 
3632 
2304 
1466 
2514 
3143 
3004 
4190 
1397 
1466 
1397 
1466 
2444 
2095 
1677 
1536 
1467 
1607 
3213 
1816 
2235 
2444 
3841 
4400 
3352 
2514 
4261 
4051 
3842 
3981 
4260 
4260 
4400 
4260 
5098 
4331 
4959 
4330 
2515 
4609 
4191 
4400 
3702 
3073 
3353 
2165 
2374 
3073 
4400 
4679 
4750 
4330 
18857 
4819 
4121 
2514 
2793 
3562 
3143 
4470 
3911 
3073 
3631 
4191 
4330 
3562 
4051 
4050 
2793 
3352 
1676 
3562 
4819 
3282 
4051 
3632 
2026 
3911 
1467 
1536 
2025 
4330 
3772 
4121 
4051 
1467 
1886 
3074 
2584 
2026 
2654 
2444 
3981 
2444 
4121 
3143 
4331 
3282 
4470 
4260 
2025 
3911 
1886 
4609 
3353 
3492 
5447 
2445 
2654 
2515 
2584 
2654 
4540 
4190 
2165 
2584 
2304 
3631 
2096 
2445 
3073 
3981 
3353 
3632 
2514 
2304 
1676 
1676 
3282 
1397 
1327 
1676 
1536 
1397 
1537 
1466 
1466 
1676 
1606 
6635 
1676 
1746 
1816 
1955 
2095 
2166 
2095 
2374 
2445 
2724 
2584 
2374 
2096 
2304 
2096 
2235 
2095 
2584 
2514 
2654 
2515 
2374 
2305 
2235 
3213 
2445 
2304 
2654 
2445 
2374 
2305 
11943 
2026 
2515 
2444 
4260 
2723 
2584 
1676 
2375 
1607 
1467 
1327 
1467 
1466 
1537 
1536 
1606 
2794 
1746 
1886 
1397 
1537 
1536 
1676 
1956 
2723 
2724 
2724 
3003 
2793 
2724 
2654 
2584 
2514 
2444 
2374 
2585 
2165 
2165 
2165 
1956 
2305 
2305 
2305 
2095 
1955 
2235 
2095 
2305 
2794 
2444 
2374 
2375 
2584 
2514 
2375 
2445 
2235 
2235 
2095 
2515 
2305 
2165 
2654 
3492 
4261 
3143 
1607 
1537 
2305 
4121 
1677 
2305 
2445 
1397 
1955 
1676 
2934 
1816 
1606 
1397 
2515 
2305 
1536 
1537 
1537 
2933 
1536 
1607 
1537 
1746 
1816 
1886 
1955 
2444 
2165 
2305 
2584 
2375 
2374 
2374 
1327 
2025 
1536 
2864 
3353 
1257 
1396 
1397 
1327 
1327 
1536 
1327 
1327 
1537 
1606 
1746 
2374 
2515 
2375 
2444 
2305 
2444 
2375 
2235 
2234 
2165 
2235 
2584 
2445 
2235 
2304 
2095 
2514 
2445 
2724 
2864 
2304 
2375 
2095 
2374 
2305 
2375 
2724 
2514 
2863 
2794 
2584 
2304 
2374 
1955 
1466 
1607 
1606 
1606 
1536 
1816 
1746 
2165 
2165 
2026 
1886 
2375 
2793 
2445 
2514 
2444 
2304 
2375 
2305 
2165 
2165 
2165 
2514 
2654 
2374 
2305 
2724 
2724 
2724 
2445 
2305 
2654 
5447 
4470 
2724 
2794 
2444 
2375 
2724 
2514 
2514 
2794 
3004 
2654 
2584 
2514 
2863 
2934 
2794 
2375 
2445 
2305 
2165 
2305 
2724 
2514 
2514 
2444 
2166 
2375 
2304 
2305 
2375 
2374 
2584 
2305 
2305 
2445 
2444 
2375 
2445 
2375 
2445 
2794 
3352 
2444 
2794 
2794 
2514 
2584 
3073 
3003 
3143 
2864 
3143 
3003 
3422 
3562 
3702 
3282 
2933 
3353 
3422 
3701 
5658 
6007 
4958 
4051 
2165 
2584 
2304 
2165 
2026 
2444 
1956 
1955 
1886 
1816 
1956 
1956 
2166 
2095 
1955 
2095 
2445 
2654 
6775 
5168 
5588 
2235 
2025 
2165 
2165 
2165 
2025 
2026 
1956 
2095 
2165 
2165 
2305 
2304 
7613 
2864 
2794 
2584 
2305 
2165 
2096 
2305 
3073 
5308 
5448 
5797 
2863 
2374 
2584 
2305 
2025 
2305 
2235 
2095 
2304 
2235 
2165 
4190 
5098 
5028 
2304 
2654 
2933 
3422 
3352 
2514 
3143 
5797 
6705 
2584 
2165 
2514 
2235 
2165 
2025 
2305 
5517 
2444 
1955 
1956 
2026 
1955 
1815 
1816 
2863 
3422 
1955 
1746 
1955 
2304 
2095 
2166 
2304 
2304 
3212 
3353 
3283 
3283 
3142 
3213 
3074 
3352 
3352 
3142 
3492 
3003 
3562 
2934 
2933 
3073 
3142 
3422 
3562 
4190 
2933 
3283 
2933 
3143 
3073 
3701 
3562 
3422 
3004 
2933 
3353 
4330 
3911 
3283 
3422 
4260 
3562 
3422 
2933 
3073 
3003 
3423 
3422 
3353 
3422 
3423 
3352 
3353 
3422 
3353 
3283 
3213 
3772 
3213 
3632 
3492 
2305 
2374 
2305 
3283 
2584 
2654 
2514 
2305 
2445 
2235 
2444 
2444 
3213 
2654 
3562 
2794 
3143 
3352 
3143 
3143 
3283 
2933 
2863 
2933 
3352 
3422 
2933 
3003 
2724 
3143 
3073 
2863 
3352 
2794 
2933 
3073 
3352 
2863 
3911 
2723 
2304 
1606 
1607 
1536 
1607 
1536 
2235 
1606 
1816 
1606 
1746 
2305 
1816 
1606 
3073 
2794 
3981 
3422 
1815 
1816 
1956 
2794 
1816 
2025 
1816 
2025 
2025 
2514 
2165 
2515 
2375 
3073 
4959 
3981 
5168 
5099 
2794 
2514 
4330 
3632 
2514 
3632 
2794 
3352 
2654 
2585 
2933 
2793 
2794 
2514 
4470 
2933 
3073 
5378 
5238 
4889 
4820 
5169 
4959 
3003 
2794 
3143 
4470 
3771 
5937 
1676 
3981 
3981 
4191 
1537 
1467 
1606 
1537 
1536 
2654 
1537 
1537 
1677 
3352 
4680 
4121 
5238 
5029 
4121 
3353 
3632 
3213 
3283 
2514 
2515 
2445 
2025 
1537 
1467 
1816 
1467 
1606 
1467 
4819 
5169 
4679 
11664 
2514 
2514 
2374 
2585 
1397 
1955 
2305 
2235 
2235 
2585 
2095 
2095 
2095 
3492 
2096 
2165 
2445 
2724 
2514 
3561 
3143 
3004 
3562 
3353 
4610 
4331 
4261 
2654 
2654 
2724 
3702 
2584 
2723 
2794 
2584 
2444 
2444 
2724 
2654 
2724 
3282 
2654 
3841 
2305 
2375 
2305 
2375 
2445 
2375 
2374 
2654 
2654 
2445 
2514 
3212 
3423 
5098 
5169 
4819 
5447 
2863 
3073 
2934 
2724 
2654 
3631 
3771 
4120 
3911 
3283 
2654 
2584 
2934 
2794 
2933 
3073 
2863 
2864 
3352 
3772 
3143 
5028 
4889 
7194 
5797 
4330 
4610 
3632 
3911 
3771 
4470 
4470 
3911 
2654 
2793 
2654 
1815 
4400 
5797 
3701 
4540 
5099 
5727 
3702 
4609 
4679 
2026 
2515 
1606 
1537 
1677 
1537 
1816 
1956 
2305 
4331 
2375 
2584 
4051 
2235 
2933 
5657 
3003 
4819 
2863 
3003 
3073 
2514 
3632 
3981 
5238 
4330 
4610 
4191 
4819 
3841 
5308 
5448 
4260 
2165 
1955 
4121 
3283 
2305 
4121 
1606 
4331 
2584 
4260 
3003 
4330 
2934 
4121 
4051 
3632 
4959 
4610 
4680 
4400 
4540 
4330 
4051 
3283 
2095 
2025 
2095 
2444 
3701 
2654 
3701 
4750 
3842 
2654 
2235 
2166 
2584 
2375 
2794 
3283 
5378 
4050 
4261 
3142 
3213 
3003 
3632 
3772 
3841 
4330 
4749 
1746 
4749 
1536 
1606 
3632 
1676 
1606 
1537 
1607 
1537 
1537 
1537 
1536 
1537 
1536 
1536 
1536 
1467 
11663 
1606 
1607 
1956 
1536 
1606 
1537 
1607 
2654 
1676 
1676 
2794 
1816 
1816 
2305 
2305 
2165 
2654 
2584 
2654 
2515 
2654 
2445 
2724 
2374 
2724 
2724 
4400 
2724 
2654 
2864 
2724 
2724 
2585 
2933 
2863 
2724 
2724 
3004 
2933 
2794 
2584 
2514 
2724 
2654 
2724 
3004 
2794 
2863 
2863 
2724 
3143 
3422 
3352 
2863 
2934 
2794 
2793 
2793 
2724 
3213 
3073 
2933 
2793 
2794 
2793 
1467 
1606 
1606 
2654 
1607 
2654 
2166 
2654 
2933 
2584 
2514 
2724 
2654 
2584 
2654 
2724 
2584 
3492 
4889 
2933 
3353 
3772 
2515 
2863 
2584 
2375 
3003 
2934 
2654 
2864 
2793 
2723 
2654 
2654 
3073 
2934 
2654 
2793 
2723 
3213 
3143 
2934 
2863 
2794 
1606 
1537 
1606 
1537 
1606 
1606 
1606 
2723 
4400 
1607 
2095 
1607 
1676 
1606 
2025 
1956 
2374 
2305 
2305 
5517 
5099 
4750 
5099 
3842 
3423 
2724 
2515 
2375 
2444 
2444 
2584 
2863 
4190 
5937 
6076 
6286 
4330 
2724 
2026 
2026 
3143 
1955 
2584 
2724 
2654 
2375 
2444 
2584 
2654 
2584 
2654 
2584 
2654 
2794 
2933 
2864 
3003 
2794 
1816 
2304 
2934 
2096 
1606 
1676 
6495 
1677 
1606 
1606 
1607 
1746 
1606 
2584 
1816 
3492 
1956 
2305 
2304 
2445 
3073 
3003 
2793 
2654 
2724 
2864 
2864 
2794 
2654 
2585 
2654 
2654 
2794 
2584 
2514 
3073 
2933 
3004 
3003 
2863 
2933 
2724 
3073 
3003 
1607 
1746 
1746 
2095 
2026 
2724 
2444 
2445 
2305 
2305 
2654 
2584 
2863 
2864 
2654 
2724 
2793 
2864 
3282 
2723 
2654 
2933 
3073 
2793 
3003 
3003 
2933 
2794 
2584 
2584 
2654 
3073 
2934 
3073 
3003 
2863 
3003 
2724 
1956 
2375 
2305 
2305 
2724 
2724 
2724 
2724 
2304 
2654 
3423 
4469 
3981 
4121 
3422 
1746 
1885 
1676 
1746 
1677 
1815 
1677 
1676 
1606 
1607 
1676 
1746 
1676 
1676 
1606 
1607 
1607 
1606 
1676 
1607 
1677 
1677 
1677 
5658 
2584 
2305 
2375 
1816 
1886 
1816 
1955 
1746 
1746 
2095 
1537 
1677 
1955 
1886 
1607 
1606 
1607 
1606 
1607 
1537 
1536 
1467 
1607 
2934 
3772 
4679 
2444 
1885 
2026 
2025 
2025 
1746 
1676 
1676 
1676 
1677 
1885 
1676 
1676 
1746 
1676 
1746 
1746 
1676 
1816 
1746 
1676 
1746 
1746 
1746 
1816 
1746 
1816 
1816 
1746 
1816 
1816 
1746 
2025 
1676 
1955 
1536 
1536 
1536 
1536 
1607 
1537 
1537 
1607 
1816 
1746 
1606 
1955 
2095 
2095 
1746 
1746 
1816 
1676 
1746 
1606 
1607 
1606 
2096 
2235 
1676 
1886 
1677 
2165 
2654 
2933 
2864 
2724 
2794 
3003 
2864 
2304 
2724 
2793 
3352 
3492 
3492 
3352 
3492 
3492 
3422 
3282 
12362 
3213 
3283 
3283 
3422 
3492 
3492 
3492 
3422 
3422 
3492 
3422 
3422 
3422 
3422 
3283 
3492 
3562 
3352 
3423 
3422 
3213 
3492 
3492 
11803 
3492 
3422 
3562 
3492 
3352 
3422 
3562 
3631 
3562 
3352 
3353 
3282 
3562 
3422 
3422 
3353 
3353 
3492 
3492 
3562 
3492 
3422 
3422 
3561 
3492 
3352 
3283 
3422 
3423 
3352 
3841 
3701 
3283 
2305 
2305 
3422 
3492 
3283 
3282 
3492 
3423 
3492 
3422 
3423 
3422 
3422 
3282 
3422 
3492 
3492 
3422 
3352 
3353 
3562 
3352 
3423 
3422 
3422 
3422 
3353 
3492 
3492 
3423 
3562 
3492 
3352 
3282 
3632 
3632 
3492 
3353 
3632 
3631 
3631 
3631 
3632 
3562 
3492 
3422 
3632 
3562 
3562 
3632 
3702 
3701 
3632 
3423 
3492 
12642 
3352 
3213 
3701 
3701 
3632 
3701 
3492 
3702 
3911 
3492 
3423 
3911 
3562 
6495 
5657 
3632 
3492 
3492 
3632 
3631 
3702 
3562 
3632 
3702 
3632 
3631 
3701 
3632 
3632 
3632 
3422 
3632 
3632 
3632 
3492 
3632 
3632 
3353 
3702 
3632 
3562 
3422 
3353 
3632 
3562 
3632 
3562 
3702 
3632 
3562 
3702 
3632 
3631 
3632 
3632 
3492 
3631 
3632 
3561 
3632 
3702 
3702 
3632 
3701 
3632 
3632 
3632 
3701 
3701 
3492 
3701 
3632 
3631 
3492 
3632 
3562 
3771 
3631 
3631 
3632 
3632 
3422 
3422 
3632 
3562 
3492 
3422 
3632 
3701 
3631 
3562 
3422 
3632 
3632 
3632 
3562 
3632 
3492 
3701 
3631 
3492 
3631 
3632 
3492 
3631 
3631 
3702 
3562 
3632 
3632 
3631 
3632 
3562 
3632 
3632 
3632 
3702 
3422 
3562 
3632 
3562 
3562 
3493 
3492 
3631 
3631 
3702 
3701 
3701 
3492 
3492 
3562 
3422 
3632 
3422 
3422 
3283 
3632 
3492 
3702 
3771 
3701 
3632 
3701 
3632 
3702 
3632 
3492 
3632 
3772 
3631 
3772 
3702 
3632 
3632 
3632 
3632 
3772 
3422 
3632 
3702 
3702 
3562 
3632 
3702 
3632 
3562 
3492 
3631 
3632 
3702 
3632 
3492 
3352 
3632 
3492 
3702 
3632 
3701 
3562 
3631 
3632 
3702 
3632 
3702 
3702 
3632 
3702 
3771 
3632 
3632 
3771 
3702 
3562 
3561 
3632 
3632 
3561 
3632 
3771 
3492 
3493 
3492 
3422 
3422 
3353 
3352 
3702 
3562 
3562 
3701 
4121 
3631 
4051 
3841 
3492 
3632 
2514 
3422 
2934 
3423 
3492 
3423 
3701 
3632 
3632 
3702 
3701 
3701 
3632 
3562 
3701 
3701 
3701 
3562 
3702 
3632 
3631 
3701 
3632 
3702 
3911 
6914 
7822 
7403 
3632 
3422 
3353 
3422 
3701 
3631 
3562 
3841 
4051 
3562 
4121 
2864 
3492 
3561 
3632 
3562 
3702 
3841 
3911 
3771 
6635 
3562 
3771 
3422 
3352 
3562 
3492 
3632 
3702 
3702 
3632 
3632 
3631 
3423 
3632 
3702 
3771 
3772 
3771 
3772 
3771 
3771 
3842 
3702 
3841 
3702 
3771 
3632 
3772 
3632 
3772 
3702 
3772 
3911 
3702 
3631 
3842 
3841 
3841 
3841 
3771 
3702 
3771 
3701 
3562 
3631 
3771 
3702 
3772 
3772 
3771 
3632 
3632 
3841 
3841 
3772 
3841 
3841 
3771 
3771 
3771 
3702 
3772 
3632 
3701 
3842 
3841 
3772 
3772 
3562 
3841 
3702 
3422 
3422 
3632 
3701 
3702 
3632 
3772 
3771 
3631 
3632 
3771 
3702 
3492 
3492 
3632 
3632 
3562 
3562 
3842 
3841 
3841 
3772 
3841 
3981 
3981 
4121 
4051 
3702 
3981 
3772 
3911 
3352 
3493 
3422 
3422 
3701 
3632 
3841 
3702 
3632 
3702 
3632 
3701 
3771 
3632 
3492 
3562 
3772 
3562 
2933 
4260 
4331 
3283 
2934 
6844 
6565 
6077 
6006 
2445 
3492 
3562 
3562 
2724 
3212 
3911 
3492 
2305 
3213 
2305 
3701 
3632 
3632 
3771 
3562 
3771 
3772 
3772 
3632 
3772 
3701 
3632 
3772 
3772 
3701 
3842 
3772 
3772 
3632 
4679 
3771 
3772 
3702 
3632 
3562 
3632 
3562 
3493 
3702 
3772 
3702 
3842 
3841 
3701 
3702 
3701 
3632 
3771 
3562 
3702 
3771 
3772 
3492 
3772 
3841 
3702 
3702 
3772 
3771 
3772 
3772 
3771 
3701 
3771 
3701 
3701 
3701 
3632 
3772 
3631 
3701 
3492 
3702 
3562 
3701 
3632 
3772 
4261 
3702 
3702 
3841 
3771 
3701 
4191 
3841 
3701 
3842 
3701 
3562 
3562 
3562 
3562 
3841 
3772 
3562 
3981 
3771 
3632 
3842 
3912 
3981 
3701 
3632 
3911 
3701 
3911 
3771 
3492 
3492 
3632 
3632 
3562 
3632 
4330 
3492 
3632 
3841 
3772 
3562 
3911 
3911 
3841 
3912 
4400 
3632 
3841 
3911 
3841 
3771 
3632 
3632 
3562 
3911 
3771 
3631 
3701 
3911 
3911 
3911 
3842 
3632 
3702 
3911 
3841 
3771 
3841 
3702 
3702 
3562 
3562 
3911 
23118 
3701 
3702 
3701 
3562 
3911 
4470 
3771 
3632 
3562 
3842 
3771 
3701 
3562 
3631 
3562 
3911 
3771 
3772 
3841 
3632 
3842 
3701 
3562 
3912 
3771 
3771 
3562 
3911 
3841 
3631 
3911 
3841 
3632 
3772 
3911 
3911 
3701 
3562 
3841 
3841 
3911 
3841 
3772 
3911 
3841 
3842 
3911 
3842 
3911 
3771 
3702 
3841 
3911 
4190 
3772 
2794 
2934 
3911 
2654 
3911 
3911 
3841 
3911 
3842 
3632 
3632 
3632 
3631 
3911 
3283 
3771 
3632 
3702 
3911 
3772 
3772 
2584 
3981 
3911 
3771 
3772 
3841 
3841 
3772 
3702 
3842 
3352 
3911 
3701 
3143 
2515 
3702 
2654 
3143 
3492 
3771 
3841 
3702 
3842 
3842 
3841 
3702 
3562 
3841 
3561 
3562 
3841 
3702 
3562 
3841 
3772 
3771 
4190 
3631 
3771 
3632 
3841 
3632 
3981 
3702 
3702 
3632 
3911 
3771 
3702 
3632 
3562 
3493 
3842 
3702 
3911 
3841 
3772 
3911 
3841 
3981 
3841 
3702 
3702 
4260 
3911 
3841 
3911 
3911 
3981 
3842 
3842 
3702 
3702 
3701 
3981 
3841 
3981 
3772 
3772 
3632 
3841 
3842 
3771 
3841 
3911 
3841 
3911 
3911 
3911 
4470 
4400 
4400 
4470 
3842 
3772 
3911 
3772 
3842 
4260 
7893 
6845 
6286 
6146 
7892 
6635 
3283 
2724 
7333 
2863 
2514 
2445 
2375 
2305 
2584 
2723 
3353 
2515 
2863 
2864 
3282 
2934 
2863 
3003 
2933 
2863 
2863 
3004 
3143 
3143 
3073 
3003 
3143 
3003 
3143 
3073 
3422 
3422 
3353 
3492 
3492 
3562 
3213 
3283 
3492 
3212 
3422 
3352 
4051 
3701 
3492 
3423 
3213 
3422 
3562 
3841 
3911 
3771 
3701 
3772 
3911 
3911 
3771 
4051 
3911 
3841 
3771 
4331 
3841 
3771 
3772 
4051 
3911 
3911 
3841 
3701 
3841 
3632 
3492 
3772 
3912 
3772 
3842 
3701 
4051 
3911 
3702 
3631 
3632 
3981 
3772 
3702 
3632 
4051 
3771 
3981 
3702 
3841 
3702 
3632 
3981 
3842 
3981 
3981 
3771 
4330 
3911 
4051 
3911 
4051 
3912 
3911 
4470 
4121 
3981 
3911 
3702 
3911 
3701 
3772 
3771 
3702 
3701 
3702 
3981 
3912 
3771 
4051 
4260 
4051 
3911 
3841 
3632 
3631 
3772 
3632 
3771 
4051 
4051 
3981 
3841 
3702 
3981 
3911 
3981 
3772 
3771 
3771 
3911 
3772 
3772 
3772 
4051 
3981 
3981 
4051 
3981 
3981 
3911 
4121 
4051 
3842 
3841 
3771 
3772 
3702 
3981 
4051 
3842 
4051 
3981 
3911 
3841 
4050 
4051 
3981 
3981 
4680 
3772 
3701 
3981 
3981 
3911 
3981 
3841 
3841 
3841 
3771 
3981 
3911 
3912 
3771 
3841 
3771 
3702 
4051 
3841 
3911 
3772 
3981 
3911 
17391 
3771 
3981 
4050 
4051 
3842 
3911 
3842 
3841 
3842 
4540 
3981 
3981 
3911 
3772 
3771 
4330 
4400 
3772 
3911 
3702 
3911 
3911 
3981 
3841 
3981 
3911 
3981 
3841 
3911 
3771 
3842 
3772 
3981 
3981 
4051 
3842 
4051 
3981 
13339 
3702 
4051 
4121 
4051 
3841 
3981 
3981 
3841 
3911 
3911 
3981 
4051 
3981 
8451 
4121 
4050 
4051 
3981 
4051 
4051 
4051 
4121 
3981 
3981 
4121 
3911 
4051 
3981 
4051 
4051 
3911 
3702 
3981 
3701 
3841 
4051 
3842 
4680 
4680 
5239 
3492 
3841 
3911 
3911 
3632 
4051 
3771 
3981 
4121 
4120 
4051 
4050 
4121 
3911 
3003 
4260 
2654 
2654 
2794 
3073 
3492 
3073 
3912 
3981 
4749 
4120 
3911 
3492 
3562 
3771 
3772 
4191 
3842 
4121 
4050 
3981 
4051 
3911 
3981 
3771 
3911 
3841 
4051 
4121 
4050 
4121 
4469 
4121 
4400 
4051 
3841 
3841 
4051 
3911 
12572 
4120 
3911 
4470 
2723 
4261 
4120 
3143 
3841 
4050 
3632 
3772 
3771 
3702 
3632 
3771 
3841 
4051 
4121 
4120 
3981 
4121 
4190 
4121 
3981 
3911 
4051 
3841 
3911 
3841 
4121 
3981 
3841 
4190 
4191 
4120 
3912 
3841 
3772 
3771 
3772 
3981 
3911 
3911 
3911 
4400 
3841 
3771 
4190 
4261 
4261 
3911 
3771 
4261 
2864 
3004 
3003 
3143 
3422 
3073 
3632 
3352 
3772 
3771 
3772 
4120 
3981 
4051 
3981 
3981 
3911 
4051 
4050 
3841 
3911 
3841 
3981 
3912 
3842 
3842 
4190 
3912 
3911 
3911 
3841 
4191 
4050 
3841 
4190 
4190 
4191 
4190 
4051 
3981 
3911 
3981 
3911 
4051 
4190 
3981 
4120 
3981 
4051 
3841 
3771 
3841 
3981 
3772 
3842 
4190 
4120 
4050 
4121 
3911 
3981 
3701 
5029 
3981 
3981 
3771 
4050 
3981 
3981 
4610 
3981 
4051 
3981 
3981 
3771 
3841 
3702 
3841 
3772 
3632 
3772 
3702 
3632 
3842 
3841 
3771 
3771 
4051 
4121 
4121 
4120 
4121 
4121 
4121 
4120 
3911 
3981 
3911 
4260 
4191 
4121 
4191 
4191 
4819 
4470 
4121 
23817 
4680 
4470 
4400 
4051 
4190 
3841 
3842 
4191 
4191 
3702 
4121 
4051 
3981 
3911 
4121 
3981 
4121 
3772 
3911 
3842 
4051 
3981 
4120 
4120 
3842 
3981 
3842 
3772 
3911 
3981 
4121 
4051 
3981 
3912 
4051 
3911 
3981 
3701 
3772 
4051 
3981 
4120 
4121 
4120 
4051 
4121 
4260 
7543 
2724 
3841 
3981 
3562 
4121 
3981 
4051 
3981 
3981 
4470 
4051 
2724 
2514 
3842 
3981 
3771 
4121 
4121 
3073 
3981 
4121 
2864 
2794 
3981 
4121 
3003 
3981 
3003 
4330 
4121 
3842 
3283 
6915 
2794 
3771 
2794 
3771 
2374 
3981 
3981 
2933 
3981 
3912 
4121 
15155 
3003 
3003 
2863 
4121 
4051 
3213 
17251 
4121 
4051 
4330 
4121 
3003 
3003 
7683 
3981 
2375 
3701 
3632 
3003 
3702 
4121 
3772 
3981 
4191 
4261 
3842 
3911 
4121 
4121 
4121 
4330 
4470 
5029 
3143 
3282 
2724 
3842 
3772 
4400 
4121 
2724 
4400 
4121 
4121 
4120 
4121 
4190 
4190 
4191 
4191 
4051 
4121 
4121 
4191 
4191 
4120 
4121 
4540 
4750 
5168 
4679 
8451 
8591 
6007 
7473 
3073 
4051 
4121 
4120 
3981 
4400 
3981 
4190 
4330 
4191 
4470 
6496 
5727 
4051 
4120 
4121 
4191 
4051 
4191 
4261 
4190 
4191 
4121 
4120 
4051 
3842 
3841 
4051 
4191 
4190 
3981 
3981 
3912 
3981 
3911 
3981 
3772 
3841 
4051 
3981 
3841 
4260 
4190 
4260 
4190 
4190 
4051 
4819 
4051 
3981 
3911 
4051 
4120 
3981 
3911 
3981 
3911 
3981 
4260 
4261 
4121 
4051 
4051 
3912 
3911 
4190 
4120 
4190 
4120 
4191 
4120 
4051 
4051 
4190 
4261 
4190 
4191 
4120 
3911 
4121 
4051 
3911 
3912 
3981 
3842 
3912 
3912 
3911 
3981 
4191 
4191 
4400 
4261 
4260 
3003 
2934 
2793 
2724 
3911 
2793 
3841 
4260 
4121 
4191 
3911 
3981 
3911 
3981 
4051 
4331 
4121 
4330 
4190 
4051 
3911 
4190 
4051 
4400 
4191 
4121 
4121 
4261 
3981 
3911 
4050 
4051 
3981 
3981 
3981 
4051 
4051 
4121 
3841 
3981 
3981 
3981 
4050 
4120 
4330 
4330 
4330 
4400 
4330 
4330 
4121 
4331 
4260 
4330 
4261 
4121 
4051 
3981 
3981 
4330 
4330 
4190 
4260 
4051 
4330 
4121 
4260 
3841 
3981 
4051 
4120 
3981 
4470 
4260 
4260 
4400 
4330 
4331 
4330 
4191 
4190 
4120 
4051 
4051 
4051 
4051 
4191 
3981 
3911 
4330 
4400 
4330 
4260 
4330 
4331 
4400 
4261 
4120 
4331 
4191 
4261 
4261 
4051 
3911 
4750 
3981 
4051 
4260 
4260 
4261 
4120 
4400 
4330 
4400 
4191 
4051 
4121 
4120 
4331 
4330 
4330 
4400 
4260 
4400 
4261 
4260 
4051 
4400 
4330 
4191 
13200 
4190 
4191 
4121 
4121 
3981 
3981 
3981 
3981 
3980 
3981 
4610 
4330 
4260 
4121 
4120 
3911 
4121 
3981 
4121 
4120 
3981 
3981 
3981 
4330 
4330 
4331 
4261 
4051 
4330 
4191 
4051 
4191 
4190 
4051 
4330 
4330 
4400 
4261 
4051 
4120 
4121 
4330 
4121 
4260 
4330 
4330 
4260 
4400 
4261 
4121 
4121 
4120 
4191 
4051 
4051 
4330 
4190 
4190 
4121 
4121 
3911 
4051 
3981 
3981 
3981 
3981 
3981 
4121 
4121 
3981 
3981 
3981 
4051 
3911 
3981 
3912 
4819 
4121 
4120 
4260 
4261 
4190 
4120 
4121 
4191 
4330 
4260 
4121 
4400 
4330 
4330 
4261 
4190 
4121 
4121 
4190 
4051 
4051 
3911 
4121 
4121 
4121 
4121 
4051 
3981 
4121 
4400 
4400 
5029 
4261 
4120 
3981 
4051 
4050 
4400 
4330 
4330 
4190 
4261 
4190 
4121 
4190 
4400 
4400 
4260 
4121 
4121 
4191 
3981 
3912 
3911 
4191 
4680 
4540 
4121 
3981 
3981 
4680 
3981 
4540 
4190 
4120 
4190 
4120 
4120 
4261 
4330 
4400 
3981 
3981 
4120 
4050 
4261 
4400 
4540 
4330 
4261 
4051 
3981 
4051 
4190 
4330 
4330 
4331 
4331 
4260 
4330 
4330 
4191 
4609 
4190 
4190 
4400 
4331 
4261 
3981 
4330 
4260 
4120 
4470 
4331 
4191 
4191 
4191 
4121 
4260 
4260 
4261 
4191 
4191 
4121 
4121 
4190 
4261 
4120 
4051 
4051 
4051 
4121 
4121 
4051 
4051 
4051 
4050 
4120 
4051 
4051 
4050 
4050 
4051 
4121 
4191 
4190 
7124 
4260 
4191 
4190 
4470 
4470 
4469 
4330 
4191 
4470 
4400 
4470 
4330 
4261 
4261 
4261 
4191 
4051 
4400 
4051 
4260 
4260 
4121 
4260 
4121 
4191 
4190 
5028 
4888 
4889 
5028 
4331 
4121 
4400 
4191 
4331 
4190 
4051 
4191 
4260 
4261 
4191 
4540 
4190 
4121 
3981 
4050 
3981 
3981 
3841 
3841 
4470 
4051 
3981 
3841 
4959 
4331 
3981 
4260 
4260 
3632 
3842 
4050 
6356 
4889 
4330 
3562 
4191 
3562 
3841 
3632 
3701 
3562 
3492 
3562 
4050 
3911 
3702 
3701 
3492 
3701 
3492 
3981 
4121 
3702 
3492 
3352 
3632 
3422 
3352 
3283 
3282 
3423 
4050 
3772 
3353 
3562 
3353 
4051 
3911 
3423 
3283 
3422 
3492 
4121 
4051 
3213 
3283 
3352 
3283 
3283 
3492 
3632 
3772 
3981 
3911 
3562 
3422 
3422 
3352 
3283 
3422 
3353 
3702 
3423 
3702 
3771 
3772 
6496 
6915 
5517 
14667 
6425 
6914 
7613 
7333 
4400 
3632 
3632 
3771 
4050 
3562 
3562 
3492 
3283 
3702 
3562 
3492 
3492 
3492 
3492 
3422 
3283 
3283 
3282 
3283 
3352 
3562 
3702 
3492 
3632 
3562 
3352 
3772 
3562 
3352 
3352 
3422 
3283 
3632 
3283 
3422 
3353 
3562 
3492 
3492 
3212 
3562 
3562 
3562 
3422 
3422 
3423 
3352 
3352 
3352 
3352 
3562 
3562 
3842 
3562 
3562 
3562 
3562 
3842 
3841 
3702 
3632 
3352 
3561 
3562 
3492 
3423 
3631 
4400 
5098 
3283 
3353 
3353 
3911 
3562 
3492 
3562 
3562 
3492 
3422 
3422 
3632 
3702 
3772 
3632 
3562 
3353 
3422 
3282 
3422 
3981 
4051 
4051 
2095 
2235 
1955 
1816 
1816 
1886 
1885 
1886 
1816 
4400 
1816 
2025 
3492 
1955 
3143 
3562 
3212 
3143 
3282 
3143 
3213 
3423 
3562 
3562 
8730 
3562 
3841 
5169 
8241 
8101 
7753 
5448 
3492 
3353 
3772 
3911 
3283 
4121 
3841 
4191 
3911 
5657 
4610 
4470 
5867 
6006 
6426 
5657 
5099 
2515 
2724 
2934 
3212 
2724 
2654 
2794 
2584 
1955 
1956 
2584 
3562 
2794 
3562 
2793 
2375 
2235 
3981 
4330 
3632 
5657 
4540 
3352 
4819 
6077 
6286 
7124 
7124 
5587 
6355 
4819 
5029 
4610 
5099 
6076 
6355 
6215 
6984 
5587 
5587 
3771 
6914 
6426 
7892 
6426 
3911 
3632 
6566 
6426 
5169 
5936 
8172 
7054 
6076 
6077 
5448 
6006 
6146 
4679 
5378 
4959 
4819 
4889 
2095 
2444 
1956 
2934 
2654 
4121 
2165 
3562 
3632 
3632 
2374 
3352 
3143 
4191 
5937 
6425 
5658 
6425 
6565 
6425 
2235 
3282 
8731 
5308 
4889 
3143 
5657 
3981 
2235 
2025 
1956 
2445 
2025 
1956 
1955 
2026 
2235 
2025 
1956 
1886 
1885 
2026 
1886 
2095 
1955 
1955 
1955 
1955 
2025 
1956 
1886 
2235 
2026 
2235 
2654 
4121 
3772 
3702 
3912 
3353 
3422 
3143 
3631 
3981 
5098 
4819 
5727 
4609 
6635 
5587 
6216 
4260 
6775 
7543 
7263 
5238 
4610 
4190 
3493 
4330 
5378 
7054 
6914 
8520 
7892 
6216 
4609 
5797 
3981 
6635 
5099 
4260 
5448 
5238 
3632 
3352 
3423 
3422 
3632 
3562 
4749 
4191 
3492 
3352 
3352 
3492 
3423 
3632 
3492 
4958 
6705 
5866 
4191 
3422 
3422 
3702 
3562 
3632 
3702 
3631 
3562 
3423 
3701 
5727 
6985 
5588 
9150 
8521 
7264 
6006 
5797 
5727 
4400 
4121 
4680 
4679 
7613 
7054 
4819 
4470 
6425 
4889 
3632 
3701 
3771 
3562 
3492 
3631 
6774 
4400 
3632 
3702 
3842 
3702 
3702 
3631 
3632 
3701 
3492 
3562 
3423 
3422 
3492 
3701 
10127 
7962 
3702 
3562 
3562 
3562 
3772 
3771 
3631 
3702 
3492 
3701 
3492 
3911 
5518 
7333 
8451 
4958 
3702 
3562 
3632 
3701 
3701 
3562 
3562 
3702 
3492 
3701 
3562 
3632 
3562 
3492 
3492 
3492 
3771 
9429 
8242 
3701 
3562 
3492 
3562 
3422 
3423 
3422 
3422 
3701 
3492 
3492 
3562 
3702 
3701 
3701 
4959 
4121 
5238 
4819 
4889 
5447 
3282 
3562 
3772 
3562 
3771 
3562 
3842 
3562 
3702 
3701 
3772 
3771 
3701 
5029 
3981 
3772 
3701 
3772 
3771 
3842 
5028 
2723 
3283 
3213 
3352 
2444 
2934 
2095 
2026 
2585 
2025 
2026 
2095 
2165 
2235 
3143 
2584 
2654 
2794 
2723 
2794 
2933 
3282 
3143 
3911 
6077 
3562 
3911 
3771 
4051 
3632 
3981 
3562 
3562 
3492 
5727 
7403 
8102 
5517 
3841 
3631 
3562 
4051 
4191 
3772 
3772 
4540 
6216 
6356 
3981 
3562 
4330 
4889 
3701 
3841 
6426 
5168 
5378 
2793 
3423 
5238 
4470 
7054 
4190 
4051 
4190 
3632 
3632 
3702 
3562 
3492 
3492 
3422 
3771 
3702 
3981 
3493 
3492 
3702 
3702 
3841 
4401 
3772 
3562 
4889 
3562 
3492 
3422 
3562 
3841 
3841 
7473 
8451 
8661 
7962 
7543 
7054 
8591 
8172 
9149 
6495 
6844 
8381 
8870 
7473 
6775 
5448 
7613 
7822 
6355 
8032 
8102 
5937 
7683 
6705 
6495 
2165 
2793 
3143 
2026 
7683 
3841 
3911 
3352 
3771 
3561 
5168 
6426 
6496 
8800 
8171 
3561 
3771 
3771 
3981 
3842 
3631 
3841 
3632 
3632 
3422 
3422 
3492 
3353 
3492 
3422 
3492 
5448 
2235 
2096 
1955 
1956 
1955 
2165 
2165 
2235 
2165 
2514 
2305 
2444 
2304 
2445 
3562 
2864 
3003 
3073 
3981 
2934 
2933 
2584 
2794 
5028 
1955 
5447 
6566 
6216 
2794 
2933 
4191 
2514 
3701 
4190 
3981 
4749 
6356 
5099 
4400 
4889 
4260 
4051 
3702 
4330 
4750 
5169 
6705 
8171 
8171 
8312 
7263 
21651 
7054 
6705 
6704 
6914 
4610 
3353 
7263 
7194 
8451 
7403 
7962 
7752 
7473 
6355 
6775 
7893 
7961 
7962 
4610 
4819 
7823 
8102 
8311 
7892 
8660 
8032 
5867 
16133 
8591 
9079 
6635 
4470 
5099 
5657 
4260 
4819 
4959 
3772 
4330 
2793 
2445 
3282 
6077 
5238 
2445 
2234 
2793 
2794 
3981 
4330 
3492 
2724 
2235 
5099 
6355 
12223 
5448 
7683 
7193 
7054 
6286 
5657 
5657 
6566 
7753 
8172 
7473 
7542 
5937 
8171 
7124 
7473 
7334 
7403 
7333 
7753 
6495 
7473 
6704 
3842 
5657 
6774 
7473 
7124 
7334 
7333 
7334 
6635 
6076 
6565 
7054 
6356 
7054 
3423 
8241 
2585 
2304 
2305 
2165 
2235 
2235 
2165 
2305 
2095 
2234 
2165 
2165 
5098 
6845 
7892 
7613 
3003 
3422 
6705 
3841 
3282 
4959 
4190 
6635 
6915 
6146 
7822 
7543 
5867 
4260 
4190 
2166 
2165 
2165 
2304 
2235 
3282 
2235 
2165 
2235 
2235 
2305 
2235 
6286 
6914 
2933 
4050 
4400 
5727 
2515 
4470 
3143 
3073 
2585 
2165 
3492 
3422 
4609 
4190 
3073 
3981 
2584 
3283 
4610 
4330 
5098 
6565 
4469 
2025 
2166 
1955 
2165 
2096 
2096 
2095 
2165 
4190 
3073 
2305 
2584 
6356 
6007 
6007 
6565 
12990 
4400 
4610 
3911 
3911 
3911 
3842 
4260 
3632 
3842 
3771 
3911 
3841 
4400 
3981 
3841 
3912 
3841 
3632 
3632 
3701 
3771 
3701 
3911 
3702 
7473 
8171 
6984 
6845 
8241 
8172 
6425 
8521 
8381 
7123 
3702 
3562 
3701 
3702 
3631 
3702 
3702 
3841 
3772 
7194 
5168 
8800 
8311 
8451 
6775 
9917 
7683 
8590 
6845 
7054 
8311 
7333 
7753 
8381 
4819 
3562 
5657 
3562 
3632 
3911 
3771 
3772 
3631 
3701 
3632 
3632 
3771 
4191 
4120 
4190 
4540 
3702 
3631 
3632 
3841 
3631 
3632 
3632 
3911 
3702 
3702 
3631 
4470 
3772 
3772 
4749 
3562 
3632 
3702 
3632 
3632 
3912 
3702 
3631 
3632 
3632 
6495 
6845 
7124 
2305 
2305 
2375 
2305 
2305 
2235 
2304 
2235 
2165 
2165 
2095 
2025 
2026 
2096 
2095 
2096 
2165 
2374 
2096 
2095 
2025 
2095 
2235 
3771 
3911 
3073 
3003 
3353 
3492 
3492 
3492 
3492 
3422 
3422 
3911 
3702 
3772 
7892 
5797 
5727 
8171 
7892 
6495 
8381 
8241 
11035 
8800 
7962 
3771 
3631 
4121 
3772 
3631 
3981 
3771 
3702 
3702 
3701 
7124 
6146 
8101 
6006 
8032 
6495 
8591 
6286 
6146 
8101 
9638 
8521 
8451 
7612 
8590 
3701 
7193 
4190 
3632 
3632 
3771 
3702 
3701 
3702 
3701 
5029 
6775 
3981 
3841 
3772 
3702 
3701 
3772 
3701 
3772 
3701 
3981 
3841 
3702 
3771 
3981 
4051 
3772 
3841 
3772 
3911 
3841 
3842 
3772 
3771 
4050 
3911 
3911 
4191 
3981 
4191 
4051 
4120 
4121 
4051 
4190 
4261 
4121 
4470 
4400 
4330 
4470 
4470 
4540 
4470 
4539 
4400 
4610 
4749 
4959 
4819 
4889 
5727 
4889 
4959 
4889 
4959 
5029 
4889 
8241 
7613 
3912 
8451 
9917 
8870 
8660 
6495 
7054 
8311 
7962 
6705 
8660 
7892 
7403 
9009 
7543 
9149 
8311 
7054 
7822 
7823 
8870 
7473 
5238 
5238 
2863 
4120 
8591 
8172 
4889 
2374 
2305 
5658 
3213 
4190 
3841 
4121 
2235 
4050 
3772 
4051 
3841 
4120 
4051 
4051 
4120 
4051 
3981 
3911 
4191 
13760 
4260 
4330 
4051 
9428 
8939 
4051 
4051 
5378 
4121 
4260 
4120 
4190 
4261 
4400 
4330 
4400 
4400 
4400 
4540 
4400 
4680 
4400 
4470 
4400 
4749 
4749 
4749 
4819 
4749 
4749 
4819 
4749 
4679 
4610 
4680 
4679 
4679 
4679 
4679 
4680 
5657 
4959 
4819 
4889 
4749 
4889 
4819 
4819 
4819 
4819 
4889 
5029 
5308 
4749 
4609 
4819 
5169 
6356 
11314 
9778 
8381 
6566 
7962 
8800 
8591 
5447 
9289 
9149 
8171 
7194 
8660 
10267 
9289 
9149 
9428 
8032 
10477 
3981 
4190 
4679 
4051 
4121 
4470 
4610 
2654 
2654 
2654 
3422 
2864 
4749 
2375 
3981 
4050 
4051 
4121 
4191 
2515 
4050 
4469 
2654 
2584 
4400 
2793 
10127 
9569 
7264 
9638 
7752 
7962 
9289 
8661 
7334 
6076 
9569 
8171 
8660 
9219 
6635 
6146 
8171 
4400 
6915 
4051 
4051 
4051 
4051 
4051 
3981 
3981 
4051 
4120 
4400 
4120 
4330 
4330 
4470 
4401 
4470 
4401 
4680 
4539 
4400 
4330 
4400 
4610 
4679 
4819 
4749 
4609 
4819 
4819 
4959 
4959 
5029 
4819 
5098 
4958 
5099 
4959 
5029 
5098 
5098 
5099 
9429 
7613 
8241 
11244 
15086 
9918 
11454 
10965 
11523 
10476 
10057 
10476 
11454 
11035 
4680 
6984 
8242 
9358 
7962 
9429 
8660 
8311 
9009 
10616 
11035 
8241 
9289 
9149 
8311 
8032 
8870 
3911 
7403 
5517 
4539 
3911 
3981 
3981 
3911 
3912 
4959 
4609 
4609 
4540 
4539 
4959 
5936 
5168 
5168 
9428 
5936 
5238 
4959 
4889 
4819 
5028 
4889 
4749 
4959 
4889 
5168 
4889 
4959 
4819 
5308 
5029 
5028 
4959 
9149 
5098 
5029 
5029 
5029 
5098 
4888 
4889 
5308 
4958 
4889 
4679 
4819 
4819 
5658 
4959 
4959 
5098 
4959 
4889 
5029 
5028 
4959 
5029 
5098 
4959 
4889 
4889 
4959 
4958 
4819 
4889 
4749 
5099 
5029 
4958 
4889 
5239 
5169 
4889 
5029 
4889 
4749 
5028 
5099 
5099 
19555 
4889 
4749 
5029 
4958 
5168 
5098 
5099 
4959 
5028 
4959 
4959 
5028 
4959 
4889 
5029 
4889 
4889 
5029 
5099 
5098 
5028 
5098 
4959 
4889 
5029 
5029 
4959 
4889 
4889 
4819 
5587 
5029 
4889 
4819 
4889 
5029 
5098 
5029 
5168 
5028 
4959 
4889 
4959 
5029 
4959 
4819 
4959 
4889 
4889 
4959 
4819 
4889 
5168 
5028 
5099 
4959 
4889 
5098 
5028 
5099 
5028 
5098 
5029 
4889 
4819 
4889 
4889 
4889 
4749 
4959 
4889 
5029 
4959 
4959 
4889 
4889 
4819 
4819 
4889 
4889 
4889 
5098 
5029 
5099 
5029 
5098 
5098 
4958 
4959 
4889 
4959 
4959 
4959 
4889 
4889 
4959 
4888 
4959 
5098 
5168 
5308 
5029 
5028 
5168 
5028 
4958 
4959 
4819 
5098 
5099 
5099 
5168 
5029 
5168 
4889 
5518 
4959 
4889 
5029 
5029 
5099 
5797 
6356 
5448 
4819 
4959 
5028 
5029 
4959 
5098 
5169 
5029 
5029 
4889 
4889 
5169 
5098 
5168 
5169 
5099 
5098 
4959 
4958 
4959 
4889 
5029 
4958 
4819 
5029 
5099 
5169 
5029 
5029 
5028 
5168 
5238 
5029 
4959 
4889 
4959 
4959 
4889 
4889 
4819 
4820 
5168 
5169 
4959 
5098 
5098 
5029 
5029 
4889 
4959 
4959 
5168 
5028 
5168 
5028 
4889 
5866 
5098 
4889 
4959 
4819 
5936 
5378 
5238 
3562 
5099 
5168 
5098 
4540 
4610 
4819 
4749 
4750 
5028 
5029 
5168 
5238 
5028 
5169 
5238 
5098 
5028 
5029 
4819 
4959 
5169 
5238 
5098 
4959 
4959 
5169 
5029 
5029 
5099 
5098 
5098 
5028 
4959 
5168 
4889 
4959 
4749 
4819 
4750 
4749 
5378 
5099 
4889 
5029 
4819 
5098 
4889 
5168 
5029 
5099 
5098 
5029 
5588 
5168 
5168 
5169 
5098 
24446 
5098 
5029 
5028 
5099 
5169 
5099 
4959 
4959 
4959 
5029 
5029 
4889 
4889 
5029 
5098 
5168 
5099 
5098 
4959 
5099 
5029 
4959 
4959 
5029 
5029 
4959 
4959 
5028 
5168 
5099 
5028 
5238 
5238 
5168 
5168 
4958 
4889 
5029 
4889 
5098 
5239 
5029 
5029 
5029 
5028 
5029 
5098 
5098 
5029 
5028 
5029 
4889 
4958 
5169 
5168 
5029 
4959 
4889 
4888 
5098 
5029 
4959 
4959 
4959 
4959 
4889 
4819 
5937 
5029 
5098 
5099 
5028 
5098 
4959 
5099 
5169 
5099 
5098 
4330 
4470 
4889 
6565 
4540 
4400 
4749 
4610 
5168 
3003 
3212 
2934 
4819 
3632 
4889 
4400 
4680 
4260 
4610 
4819 
4889 
4749 
5238 
5098 
5029 
4889 
5238 
5099 
5308 
5238 
5099 
5098 
4889 
5238 
5169 
5028 
4958 
5029 
4959 
4959 
4959 
3841 
3911 
5099 
5518 
5308 
6774 
5029 
4959 
5936 
5029 
4958 
4958 
5238 
5238 
5028 
5099 
4959 
4889 
5239 
5029 
5099 
5308 
5238 
5098 
5308 
5308 
5168 
5308 
5308 
5168 
5308 
5238 
5169 
5099 
5029 
5308 
5168 
5098 
5308 
5098 
5168 
4958 
4819 
5308 
4749 
4889 
5169 
5308 
5308 
5308 
5168 
5099 
5308 
5169 
14947 
5029 
5029 
4889 
5308 
5238 
5168 
4959 
5168 
5239 
4959 
5029 
5238 
5169 
5099 
4959 
5238 
5169 
5169 
5238 
18508 
5239 
5238 
5238 
5169 
5099 
5238 
5238 
5238 
5238 
5308 
4889 
5238 
4889 
5308 
4610 
5099 
4889 
5308 
4749 
4749 
4819 
4958 
4889 
5169 
7123 
5238 
3073 
7682 
6286 
5937 
3981 
5936 
4400 
4330 
3632 
4051 
3981 
4121 
4540 
18787 
4400 
4400 
4331 
4261 
4679 
4610 
5238 
4540 
4470 
4539 
4749 
4819 
4819 
4959 
4889 
4889 
4889 
4889 
5029 
5029 
5168 
5238 
5169 
5028 
4959 
5168 
5238 
5238 
5168 
5308 
5098 
5098 
5238 
5029 
5029 
5168 
5238 
5308 
5238 
5238 
5098 
5098 
5098 
4888 
5308 
5308 
5239 
5168 
5168 
5098 
5378 
5308 
5378 
5448 
5238 
5168 
5169 
5098 
5377 
5308 
5169 
5378 
5238 
5168 
5238 
5168 
5029 
5797 
4051 
4050 
3981 
3702 
5169 
4819 
5168 
5239 
5378 
3632 
5308 
5168 
4330 
4819 
5308 
4959 
5308 
5098 
5168 
5238 
5169 
5238 
5168 
5168 
5168 
5029 
5029 
5029 
4959 
5099 
5028 
5308 
5448 
5308 
5378 
5378 
5238 
5168 
5238 
5238 
5099 
5378 
5448 
5378 
5308 
5238 
5448 
5308 
5308 
5238 
5168 
14178 
5029 
5308 
5378 
5377 
5378 
5168 
5169 
5169 
5239 
5028 
5168 
5168 
5029 
5029 
5169 
5098 
5098 
5377 
5308 
5238 
5168 
5029 
5238 
5098 
5378 
5378 
5308 
5308 
5308 
5308 
5168 
4819 
4749 
5168 
5168 
5168 
4959 
5238 
5099 
5029 
4889 
5098 
5098 
5378 
5308 
5238 
5238 
5308 
5308 
5447 
5308 
5378 
5308 
5239 
5238 
5238 
5168 
5169 
5378 
5378 
5098 
5168 
5238 
5168 
5169 
5168 
5098 
5447 
5308 
5378 
5378 
5238 
5238 
5378 
5239 
5378 
5448 
5378 
5238 
5308 
5308 
5308 
5098 
5099 
5099 
5587 
5169 
5378 
5239 
5587 
5378 
5518 
5797 
5308 
5308 
5168 
5169 
5378 
5168 
5238 
5378 
5448 
5098 
5378 
5378 
5308 
5239 
5308 
5378 
5378 
5308 
5517 
5378 
5378 
5308 
5308 
5308 
5238 
5168 
5308 
5377 
5099 
5377 
5238 
5448 
5308 
5378 
5308 
5378 
5447 
5308 
5308 
3771 
3632 
3632 
5657 
3632 
3702 
4330 
5308 
5447 
5378 
5308 
5238 
5169 
5448 
5378 
5308 
5238 
5378 
5378 
5378 
5378 
5448 
5448 
5378 
5378 
5308 
5238 
5168 
5308 
5378 
5238 
5308 
5169 
5168 
5238 
5169 
5378 
5448 
5378 
5308 
5308 
5378 
5448 
5308 
5448 
5447 
5517 
5308 
5517 
5378 
5308 
5238 
5378 
5238 
5099 
5377 
5377 
5448 
5448 
5308 
5378 
5447 
5239 
5238 
5378 
5308 
5238 
5308 
5308 
5308 
5378 
5448 
5308 
5308 
5377 
5238 
5308 
5447 
5378 
5447 
5378 
5727 
5447 
5448 
5308 
5238 
5378 
5308 
5238 
5378 
5378 
5378 
5448 
5378 
5447 
5518 
5517 
5657 
5447 
5448 
5447 
5867 
5448 
5447 
5518 
5517 
5517 
5448 
5517 
5377 
5447 
5448 
5447 
5448 
5378 
5448 
5448 
5517 
5448 
5448 
5378 
5518 
5448 
5447 
5448 
5517 
5797 
5517 
5447 
5447 
5448 
5378 
5448 
5378 
5447 
5448 
5448 
5448 
5448 
5448 
5378 
5308 
5448 
5447 
5448 
5448 
5447 
5378 
5308 
5448 
5447 
5518 
5518 
5517 
5448 
5308 
5308 
5238 
5448 
5378 
5377 
5447 
5378 
5517 
5587 
5308 
5518 
5447 
5308 
5378 
5517 
5447 
5447 
5448 
5378 
5447 
5587 
5448 
5308 
5447 
5517 
5447 
5518 
5378 
5378 
5308 
5308 
5517 
5518 
5308 
5378 
5448 
5447 
5727 
5518 
5517 
5518 
5447 
5517 
5517 
5518 
5518 
5238 
5588 
5587 
5588 
7404 
5727 
5796 
8660 
6146 
6705 
5448 
5378 
5518 
5587 
5448 
5517 
5308 
5517 
5588 
5517 
5588 
5518 
5518 
5518 
5447 
5517 
5658 
5378 
5377 
5658 
5447 
5378 
5378 
5308 
9079 
5517 
5797 
5588 
5588 
5448 
5588 
5517 
5518 
5308 
5517 
5587 
5518 
5518 
5588 
5308 
5378 
5377 
5657 
5587 
14039 
5378 
5168 
5307 
5098 
5378 
5588 
5168 
5099 
5028 
5029 
5029 
5028 
5168 
5517 
5448 
5099 
5588 
5448 
5518 
5588 
5378 
5447 
5936 
5657 
5308 
5308 
5238 
6077 
23467 
5517 
5588 
5448 
5448 
5587 
5447 
5447 
5378 
5378 
5447 
5518 
5448 
5378 
5378 
5308 
5447 
5447 
5448 
5378 
5307 
5447 
5447 
5517 
5518 
5517 
5448 
5448 
5308 
5448 
5448 
5518 
5447 
5308 
5447 
5517 
5728 
5308 
5378 
5518 
5518 
5448 
5796 
5517 
5448 
5378 
5867 
5448 
5518 
5378 
5448 
5517 
5448 
5377 
5448 
5168 
5448 
5448 
5447 
5937 
5518 
5448 
5448 
5378 
5448 
5518 
5448 
5517 
5517 
5378 
5308 
5518 
5518 
5448 
5448 
5937 
5378 
5448 
5518 
5867 
5377 
5518 
5587 
5587 
5448 
5447 
5378 
5517 
5238 
5447 
4889 
5028 
4679 
4820 
5099 
5517 
5029 
5168 
5168 
5168 
3841 
4680 
5377 
4330 
5587 
8242 
6006 
5517 
5657 
4819 
5517 
5727 
5378 
5867 
6915 
6216 
4470 
4749 
4470 
4470 
4610 
3353 
3352 
4120 
3562 
5238 
5028 
3771 
3352 
3352 
4260 
3632 
3561 
3492 
3841 
5169 
5098 
4610 
4889 
5238 
5238 
4609 
4679 
4889 
5448 
7962 
4679 
3562 
3492 
3772 
4819 
2933 
3492 
3003 
5029 
3912 
3701 
4051 
4889 
5657 
5587 
3632 
5169 
4750 
4261 
5238 
5797 
5239 
5518 
5099 
5168 
5029 
9569 
6845 
7334 
7683 
5797 
11804 
3492 
3352 
3353 
3353 
3493 
5657 
5587 
11943 
11175 
10825 
4749 
4400 
4400 
4400 
4749 
4050 
13130 
10826 
4330 
4260 
5518 
4680 
4749 
5028 
5378 
6006 
8101 
6984 
12921 
5588 
5308 
5448 
5308 
9149 
7124 
5308 
6076 
5447 
5727 
5448 
5518 
5518 
5587 
5657 
5518 
5588 
5517 
5588 
5587 
5727 
6076 
6635 
5657 
5937 
5797 
5587 
5518 
5588 
5517 
5378 
5518 
5378 
5658 
5867 
5588 
5866 
5448 
5168 
5308 
5448 
5448 
5377 
5867 
6496 
5378 
5378 
5937 
5029 
5098 
5098 
5168 
5239 
5169 
5238 
5448 
5518 
5308 
5518 
5658 
5587 
5657 
5518 
5658 
5518 
5587 
5657 
5377 
5588 
5587 
5588 
5727 
5517 
5657 
5517 
5658 
5727 
5517 
5587 
5447 
5657 
5727 
5657 
5518 
5448 
5587 
5448 
5587 
5517 
5657 
6146 
5588 
5378 
5518 
5378 
5377 
5587 
5587 
5238 
5168 
5518 
5588 
5448 
5517 
5448 
5657 
5587 
5517 
5727 
5587 
5657 
5378 
5378 
5448 
5587 
5587 
5658 
5588 
5587 
5657 
5517 
5587 
5588 
5588 
5587 
5657 
5587 
5588 
5657 
5588 
5587 
5657 
5588 
5517 
5588 
5587 
5517 
5518 
5658 
5657 
5587 
5587 
5587 
5517 
5517 
5587 
5517 
5587 
5658 
5587 
5588 
5447 
5587 
5657 
5588 
5587 
5518 
5587 
5657 
5587 
5518 
5657 
5658 
5658 
5587 
5658 
5587 
5588 
5657 
5727 
5587 
5518 
5657 
5447 
5658 
5587 
5517 
5587 
5517 
5517 
5658 
5517 
5657 
5727 
5587 
5727 
5447 
6076 
6426 
3981 
4051 
3771 
4540 
3492 
7682 
3631 
3423 
3282 
7822 
9080 
5517 
5587 
5658 
5657 
5657 
5657 
5657 
5658 
5657 
5587 
5658 
5588 
5657 
5588 
5657 
5588 
5587 
5657 
5727 
5727 
5657 
5657 
5657 
5587 
5587 
5657 
5657 
5587 
5657 
5657 
5588 
5727 
5657 
5588 
5657 
5657 
5517 
5517 
5587 
5727 
5658 
5867 
5587 
5657 
5657 
5587 
5517 
5657 
5657 
5657 
5658 
5588 
5587 
5588 
5518 
5378 
5588 
5447 
5378 
5518 
5517 
5518 
5587 
5517 
5657 
5517 
5657 
5657 
5587 
5657 
1106016 
5587 
5657 
5588 
5587 
5657 
5587 
5588 
6286 
5588 
5657 
5657 
5517 
5658 
5657 
5658 
5657 
5517 
5448 
5587 
5658 
5588 
5657 
5657 
5587 
5588 
5657 
5657 
5588 
5517 
5797 
5727 
5797 
5587 
5797 
5797 
5727 
5727 
5797 
5797 
5797 
5797 
5727 
5867 
5727 
5797 
5658 
5797 
5657 
5797 
5727 
5727 
5937 
6006 
5867 
4191 
4330 
5797 
5797 
6006 
4121 
5727 
5727 
5797 
5727 
5797 
5797 
5727 
5797 
5797 
5866 
5657 
5727 
5727 
5866 
5797 
5727 
5657 
5517 
5657 
5797 
5797 
5797 
5797 
5797 
5797 
5797 
5867 
3911 
5797 
5727 
5797 
5378 
5797 
5797 
5797 
5727 
5797 
5518 
5657 
5657 
5657 
5797 
5797 
5727 
5797 
5657 
5727 
5797 
5588 
5727 
5727 
5657 
5518 
5517 
5797 
5657 
5657 
5657 
5518 
5727 
5587 
5657 
5727 
5657 
5518 
5727 
5796 
5796 
5657 
