6705 
838 
6355 
629 
6006 
769 
6076 
838 
6077 
699 
6286 
698 
6007 
629 
5587 
628 
5238 
629 
5657 
699 
5448 
628 
5588 
698 
7404 
838 
7683 
698 
5727 
629 
5658 
629 
348511 
629 
698 
629 
698 
838 
838 
698 
698 
629 
628 
628 
699 
838 
838 
769 
629 
838 
768 
629 
838 
838 
698 
838 
629 
908 
838 
699 
628 
698 
628 
838 
628 
629 
699 
698 
838 
629 
698 
698 
698 
628 
768 
629 
699 
699 
698 
768 
908 
769 
838 
838 
768 
768 
768 
698 
699 
629 
908 
838 
699 
768 
698 
838 
338663 
838 
769 
838 
838 
839 
768 
768 
698 
908 
908 
698 
769 
769 
768 
838 
838 
768 
908 
698 
838 
908 
768 
768 
838 
838 
838 
838 
839 
908 
838 
838 
908 
838 
769 
908 
838 
907 
838 
768 
838 
699 
768 
698 
838 
768 
769 
629 
768 
768 
698 
838 
838 
838 
839 
769 
838 
768 
838 
838 
768 
698 
769 
768 
369184 
908 
698 
908 
769 
768 
769 
699 
699 
699 
768 
768 
698 
699 
839 
768 
698 
769 
699 
838 
698 
769 
699 
629 
838 
699 
838 
977 
838 
769 
699 
768 
698 
628 
838 
768 
698 
629 
698 
698 
768 
699 
698 
699 
908 
768 
838 
908 
699 
768 
698 
768 
908 
838 
768 
838 
838 
908 
768 
768 
768 
769 
768 
699 
360943 
1257 
698 
1118 
698 
907 
769 
769 
769 
628 
769 
908 
768 
769 
908 
839 
838 
698 
1257 
908 
838 
908 
838 
699 
908 
838 
768 
768 
768 
699 
768 
698 
908 
768 
768 
768 
768 
838 
838 
768 
768 
768 
908 
838 
908 
768 
768 
768 
768 
769 
698 
698 
698 
908 
908 
908 
908 
908 
768 
838 
768 
768 
838 
768 
376587 
699 
698 
769 
699 
768 
908 
838 
908 
769 
768 
768 
768 
838 
1397 
1397 
908 
698 
698 
768 
699 
838 
838 
768 
699 
978 
978 
838 
769 
698 
629 
698 
698 
698 
698 
698 
908 
768 
698 
768 
698 
908 
838 
768 
838 
768 
769 
699 
699 
908 
769 
838 
907 
698 
768 
908 
838 
768 
908 
768 
838 
698 
769 
838 
373445 
838 
699 
699 
698 
978 
768 
908 
838 
768 
769 
908 
908 
838 
838 
978 
908 
768 
977 
838 
908 
698 
698 
768 
699 
768 
838 
698 
908 
908 
908 
908 
838 
978 
907 
908 
838 
838 
839 
768 
768 
838 
699 
908 
908 
838 
838 
838 
1047 
1047 
908 
1048 
908 
838 
698 
838 
838 
908 
768 
908 
838 
977 
908 
768 
373026 
769 
978 
978 
838 
1048 
838 
908 
769 
978 
838 
838 
908 
908 
698 
699 
978 
1047 
978 
978 
908 
838 
838 
768 
838 
769 
977 
978 
769 
768 
1048 
978 
978 
977 
838 
978 
838 
978 
768 
838 
838 
977 
908 
698 
699 
768 
908 
1536 
1327 
978 
908 
699 
768 
908 
908 
838 
768 
698 
977 
908 
838 
977 
908 
978 
424010 
768 
768 
1047 
838 
838 
768 
698 
978 
908 
1048 
978 
978 
978 
838 
908 
978 
978 
768 
698 
1047 
1118 
1048 
908 
768 
838 
838 
839 
768 
1047 
1047 
1047 
1047 
977 
1118 
1047 
1047 
908 
1048 
1117 
1047 
978 
977 
1047 
1117 
1048 
1048 
978 
907 
978 
1047 
1048 
977 
838 
1048 
838 
768 
908 
1048 
1048 
1117 
978 
1048 
1048 
362200 
1118 
1048 
1047 
1536 
1047 
1118 
908 
1047 
1047 
1047 
699 
908 
978 
1117 
1048 
1048 
1117 
1047 
1048 
2165 
1117 
1047 
1047 
908 
908 
908 
838 
908 
838 
838 
1117 
1048 
1117 
1048 
1118 
1117 
1676 
838 
769 
838 
1047 
1048 
1048 
978 
768 
1047 
1047 
978 
1048 
978 
977 
1047 
1047 
1048 
1117 
1047 
1117 
1047 
978 
978 
978 
838 
908 
374562 
978 
977 
977 
1117 
1047 
1118 
1047 
1048 
978 
978 
978 
1048 
1048 
1048 
908 
1117 
1048 
978 
1048 
1117 
1118 
978 
978 
908 
978 
908 
1188 
908 
1117 
1047 
1117 
1118 
1118 
1118 
908 
978 
1118 
1118 
1117 
1187 
1118 
1047 
1118 
908 
1327 
1118 
1117 
1188 
1117 
908 
1118 
1187 
1187 
977 
977 
908 
768 
839 
838 
907 
908 
838 
838 
368835 
839 
838 
838 
908 
908 
838 
908 
978 
838 
978 
839 
1117 
1187 
1118 
1118 
1257 
908 
908 
838 
908 
1117 
1188 
1118 
1047 
1117 
1048 
1048 
1048 
1047 
1117 
1187 
1117 
1117 
1118 
1048 
978 
908 
1047 
1257 
1047 
978 
1118 
1048 
1397 
908 
978 
1187 
1117 
1118 
1047 
978 
1187 
978 
977 
1257 
1117 
1047 
1187 
1187 
1258 
1188 
1118 
1048 
385667 
1048 
977 
839 
1187 
1118 
1047 
1187 
1047 
1187 
1117 
1187 
1048 
838 
1048 
1047 
908 
1188 
1258 
1537 
1117 
1117 
1048 
1118 
1118 
838 
908 
908 
908 
908 
1118 
1187 
1187 
1257 
1117 
1117 
1118 
1117 
1187 
1188 
1118 
1188 
1187 
1048 
1117 
1048 
977 
1048 
1048 
1258 
1048 
1117 
1048 
1047 
978 
1047 
908 
908 
908 
908 
908 
838 
1187 
1187 
404175 
1188 
1257 
1257 
1187 
1187 
1257 
1257 
1257 
1257 
1257 
1117 
1187 
1257 
1258 
1188 
1257 
1257 
1048 
1257 
1257 
1257 
1257 
1187 
1117 
1257 
1117 
1187 
1188 
908 
977 
978 
978 
1047 
1048 
908 
977 
1257 
1257 
1257 
1188 
1258 
977 
978 
1048 
908 
1257 
1537 
1257 
1257 
1327 
1327 
1117 
1327 
1117 
1188 
1117 
1188 
1187 
1187 
1188 
1187 
1188 
1048 
389229 
1327 
1258 
1257 
1257 
1188 
978 
1258 
1257 
1118 
1048 
908 
1188 
1257 
1187 
1188 
1257 
1536 
1117 
1257 
1676 
1257 
1187 
1257 
1257 
1257 
1257 
1327 
978 
1117 
1257 
1257 
1188 
1257 
1257 
1257 
1187 
1676 
1257 
1257 
1187 
1257 
1257 
1257 
1257 
1117 
1187 
1327 
1258 
1188 
1257 
1258 
1258 
1187 
1117 
1187 
1327 
1257 
1257 
1257 
1327 
1257 
1187 
1187 
396353 
1327 
1187 
1257 
1048 
978 
1117 
1257 
1257 
1187 
1257 
1327 
1327 
1257 
1258 
1257 
1117 
1257 
1327 
1327 
1397 
1327 
1327 
1257 
1257 
1257 
1257 
977 
1327 
1397 
1327 
1327 
1257 
1327 
1327 
1327 
1327 
1188 
1187 
1257 
1606 
1327 
1397 
1327 
1188 
1187 
1327 
1327 
1396 
1257 
1257 
1327 
1327 
1047 
1187 
1257 
978 
1327 
1257 
1257 
1118 
1327 
1257 
1327 
383082 
1327 
1327 
1187 
1257 
1327 
1397 
1327 
1397 
1397 
1397 
1466 
1467 
1466 
1466 
1466 
1397 
1327 
1257 
1467 
1467 
1327 
1467 
1118 
1258 
1327 
1327 
1258 
1187 
1257 
1467 
1397 
1467 
1257 
1397 
1467 
1257 
1257 
1397 
1397 
1467 
1466 
1396 
1537 
1397 
1327 
1397 
1327 
1257 
1467 
1467 
1397 
1327 
1327 
1188 
1467 
1327 
1257 
1397 
1327 
1327 
1187 
372746 
1257 
1467 
1397 
1257 
1188 
1746 
1327 
1327 
1257 
1327 
1397 
1397 
1397 
1257 
1257 
1188 
1467 
1257 
1118 
1257 
1257 
1187 
1397 
1536 
1397 
1397 
1327 
1257 
1397 
1397 
1467 
1467 
1396 
1466 
1467 
1467 
1397 
1118 
1467 
1397 
1467 
1396 
1327 
1397 
1327 
1396 
1466 
1467 
1536 
1466 
1327 
1327 
1397 
1467 
1397 
1327 
1327 
1327 
1467 
1467 
1327 
1327 
1327 
374423 
1467 
1536 
1467 
1257 
1397 
1187 
1188 
1257 
1467 
1466 
1467 
1397 
1467 
1188 
1397 
1397 
1257 
1466 
1466 
1397 
1536 
1466 
1257 
1327 
1257 
1327 
1467 
1537 
1466 
1257 
1257 
1257 
1188 
1188 
1466 
1466 
1467 
1467 
1397 
1397 
1397 
1467 
1537 
1397 
1327 
1397 
1467 
1397 
1466 
1467 
1467 
1396 
1467 
1467 
1467 
1187 
1466 
1397 
1466 
1466 
1467 
1397 
1327 
356404 
1466 
1397 
1257 
1257 
1467 
1467 
1467 
1397 
1327 
1537 
1397 
1327 
1467 
1466 
1257 
1258 
1327 
1397 
1467 
1536 
1397 
1327 
1467 
1467 
1536 
1397 
1397 
1537 
1536 
1467 
1397 
1397 
1397 
1397 
1397 
1536 
1467 
1396 
1327 
1327 
1327 
1327 
1537 
1606 
1537 
1327 
1537 
1607 
1537 
1536 
1536 
1537 
1466 
1327 
1327 
1396 
1467 
1607 
1536 
1397 
1467 
1606 
1257 
387203 
1536 
1327 
1537 
1537 
1607 
1537 
1327 
1257 
1536 
1606 
1467 
1536 
1466 
1537 
1466 
1397 
1327 
1258 
1257 
1536 
1606 
1397 
1536 
1327 
1537 
1537 
1536 
1537 
1327 
1606 
1536 
1466 
1537 
1607 
1537 
1467 
1466 
1536 
1467 
1467 
1466 
1537 
1536 
1467 
1257 
1537 
1606 
1536 
1537 
1607 
1536 
1327 
1327 
1537 
1606 
1537 
1466 
1466 
1537 
1537 
1467 
1327 
1257 
387832 
1536 
1466 
1537 
1466 
1537 
1467 
1536 
1606 
1606 
1537 
1466 
1327 
1606 
1536 
1606 
1536 
1467 
1397 
1258 
2095 
1746 
1257 
1537 
1048 
1187 
1397 
1537 
1607 
1467 
1536 
1536 
1536 
1676 
1397 
1536 
1606 
1467 
1536 
1467 
1537 
1467 
1467 
1257 
1327 
1537 
1467 
1537 
1606 
1466 
1327 
1257 
1258 
1397 
1397 
1327 
1537 
1607 
1536 
1537 
1537 
1607 
1537 
1537 
395096 
1606 
1606 
1607 
1397 
1466 
1327 
1327 
1536 
1396 
1327 
1536 
1606 
1606 
1676 
1606 
1537 
1537 
1536 
1606 
1607 
1536 
1537 
1606 
1537 
1466 
1606 
1676 
1537 
1536 
1397 
1397 
1676 
1676 
1467 
1677 
1607 
1607 
1396 
1606 
1677 
1746 
1606 
1536 
1537 
1537 
1397 
1397 
1397 
1676 
1606 
1676 
1676 
1536 
1676 
1677 
1746 
1607 
1467 
1676 
1676 
1676 
1606 
1537 
377495 
1676 
1746 
1676 
1746 
1676 
1677 
1606 
1676 
1746 
1676 
1676 
1746 
1606 
1746 
1606 
1676 
1676 
1467 
1676 
1677 
1676 
1676 
1466 
1606 
1746 
1536 
1466 
1607 
1606 
1677 
1677 
1606 
1676 
1676 
1607 
1607 
11524 
1537 
1327 
1397 
1397 
1606 
1607 
1467 
1327 
1397 
1396 
1327 
1607 
1606 
1537 
1536 
204008 
1607 
1536 
1467 
1397 
1467 
1606 
2026 
1466 
1677 
1746 
348092 
1746 
1746 
1747 
1746 
1676 
1746 
1467 
1816 
1746 
1816 
1746 
1746 
1815 
1815 
1816 
1746 
1746 
1467 
1746 
1816 
1676 
1746 
1746 
1816 
1816 
1746 
1746 
1746 
1746 
1746 
1816 
1816 
1537 
1536 
1746 
1815 
1746 
1746 
1537 
1677 
1606 
1537 
1467 
10057 
1536 
1537 
1466 
1466 
1537 
1536 
1816 
1816 
1537 
1536 
1537 
1536 
1536 
1746 
1816 
1816 
1746 
1746 
1746 
340200 
1816 
1816 
1746 
1746 
1677 
1746 
1746 
1746 
1816 
1746 
1816 
1676 
1606 
1816 
1746 
1816 
1746 
1816 
1816 
1746 
1886 
1746 
1816 
1816 
1746 
1746 
1746 
1746 
1746 
1746 
1746 
1746 
1816 
1746 
1746 
1746 
1746 
1816 
1885 
1746 
1676 
1816 
1816 
1746 
1676 
1746 
1816 
1816 
1816 
1816 
1746 
1885 
1746 
1746 
1816 
1746 
1746 
1607 
1536 
1537 
1537 
1467 
1467 
387902 
1746 
1885 
2235 
2305 
1746 
1746 
1676 
1746 
1815 
1677 
1816 
1746 
1746 
1746 
1816 
1815 
1746 
1676 
1746 
1815 
1746 
1746 
1815 
1886 
1815 
1746 
1746 
1746 
1816 
1746 
1816 
1676 
1816 
1746 
1746 
1746 
1885 
1816 
1746 
1746 
1816 
1816 
1816 
1816 
1816 
1816 
1815 
1816 
1956 
1816 
1816 
1816 
1816 
1607 
1746 
1815 
1606 
1746 
1606 
1816 
1886 
1885 
1885 
396772 
1816 
1886 
1816 
1886 
1746 
1886 
1956 
1816 
1537 
1606 
1886 
1955 
1886 
1955 
1606 
1816 
1746 
1885 
1886 
1886 
1746 
1816 
1746 
1816 
1886 
1816 
1885 
1816 
1676 
1676 
1816 
1676 
1676 
1816 
1816 
1886 
1816 
1676 
1816 
1886 
1886 
1816 
1816 
1816 
1886 
1816 
1746 
1607 
1536 
1606 
1816 
1746 
1746 
1886 
1886 
1816 
1886 
1816 
1816 
1885 
1816 
1816 
1885 
415349 
1747 
1676 
1746 
1885 
1956 
1886 
1746 
1885 
1676 
1676 
1676 
1676 
1537 
1606 
1537 
1816 
1886 
1816 
1746 
1815 
1816 
1816 
1886 
1816 
1816 
1676 
1746 
1746 
1537 
1816 
1746 
1746 
1746 
1746 
1746 
1746 
1606 
1606 
2095 
2235 
1815 
1816 
1885 
1816 
1815 
1816 
1676 
1676 
1886 
1956 
1815 
1746 
1886 
1886 
1816 
1886 
1885 
1956 
2026 
1955 
1746 
1816 
1886 
378752 
1746 
1886 
1956 
1886 
1816 
1955 
1886 
1815 
1885 
1956 
2235 
1816 
1886 
1816 
1816 
1816 
1886 
1886 
1955 
1886 
1816 
1956 
1816 
1886 
1956 
2165 
1816 
1676 
1816 
1886 
1886 
1746 
1886 
1815 
1886 
1746 
1607 
1607 
1816 
1886 
1886 
1955 
1955 
1816 
1886 
1886 
2025 
1885 
1885 
1886 
1886 
1885 
1956 
1886 
1955 
1886 
1886 
1676 
1886 
1955 
1885 
1886 
1816 
391952 
1816 
1886 
1815 
1885 
1885 
1816 
1746 
1676 
1885 
1885 
1886 
1816 
1956 
1886 
1886 
1886 
1885 
1955 
1886 
1886 
1955 
1886 
1956 
1956 
1886 
1885 
1956 
1956 
1886 
2095 
2654 
2165 
1885 
1885 
1956 
1816 
1606 
1746 
1746 
1885 
1816 
1955 
2025 
1886 
1885 
1955 
1955 
1815 
1746 
1956 
1886 
1955 
1816 
1955 
1885 
1816 
1886 
1746 
1955 
1955 
1816 
1886 
1816 
387971 
2025 
1956 
1956 
2025 
1955 
2026 
2026 
1885 
2235 
2025 
1816 
1955 
1886 
1746 
1886 
1676 
1956 
1955 
1816 
1816 
1886 
1955 
1746 
1816 
1746 
1676 
1956 
1956 
2305 
1956 
2445 
1955 
1955 
2026 
1885 
1816 
1956 
1886 
1955 
1815 
1886 
1886 
1746 
2165 
10476 
1816 
1816 
1886 
1816 
2095 
1955 
1956 
1956 
1886 
1955 
2026 
1955 
2025 
1955 
1886 
1885 
1956 
2025 
408505 
1955 
1886 
1886 
1955 
1885 
1816 
1956 
1816 
1746 
1746 
1885 
2026 
2095 
2026 
2096 
2025 
1956 
2095 
1956 
2235 
1886 
1956 
1886 
2026 
1956 
2025 
2026 
2095 
1956 
2025 
2026 
2025 
2026 
1956 
1816 
1886 
2025 
2025 
2025 
2584 
2165 
1956 
2026 
2095 
1816 
1955 
1816 
1956 
1816 
1885 
1746 
2025 
2025 
2025 
2025 
2026 
2026 
1956 
2095 
2026 
1956 
1886 
1816 
389648 
1955 
1955 
1956 
1955 
2724 
2514 
1886 
1955 
1816 
1886 
1886 
1815 
1816 
2026 
1955 
1955 
1886 
1955 
2305 
1816 
1816 
2095 
2304 
2165 
2165 
2025 
2165 
2165 
2514 
2095 
2026 
2095 
2165 
2096 
2165 
2095 
2095 
2095 
2165 
2165 
2165 
2096 
2165 
2165 
2025 
2165 
2235 
2165 
2096 
2165 
2095 
2235 
2095 
2095 
2096 
2096 
2095 
2165 
2165 
2165 
2095 
2095 
2165 
379172 
1955 
2025 
2096 
2025 
2025 
1955 
1956 
2026 
2026 
1956 
2025 
1955 
1956 
2165 
2095 
2095 
2095 
2165 
2096 
2095 
1956 
2026 
1955 
2096 
2165 
2025 
2096 
1955 
2025 
2025 
1955 
1886 
2026 
1955 
2025 
1886 
2096 
2096 
2165 
2025 
2025 
1955 
1956 
2165 
2096 
2165 
2095 
2095 
2095 
2025 
2095 
2095 
2096 
2095 
2165 
2096 
2096 
1956 
2025 
2026 
2025 
1885 
2724 
393281 
2025 
2025 
1955 
1955 
1886 
1956 
1955 
2096 
2026 
1955 
2026 
1955 
1956 
1956 
1885 
2026 
1886 
1956 
2165 
2444 
1955 
1956 
2025 
1956 
1886 
1956 
1955 
2025 
2026 
2025 
2095 
2095 
2095 
2096 
2165 
2165 
2026 
2025 
2095 
2095 
1956 
2165 
2166 
2096 
2095 
2165 
2095 
2235 
2165 
2235 
2096 
2095 
2095 
2025 
2025 
2165 
2165 
2165 
1956 
2096 
2026 
2025 
2025 
392232 
1886 
2096 
1886 
2095 
2095 
2165 
2165 
2165 
2166 
2165 
2165 
2165 
2026 
2025 
1956 
2026 
1955 
2026 
1886 
2165 
2095 
2165 
2095 
2026 
2095 
1956 
1955 
1955 
2025 
2235 
2165 
2235 
2165 
2235 
2165 
2165 
2235 
2095 
2165 
2025 
2095 
2096 
2095 
2025 
1886 
2025 
2165 
2305 
2165 
2235 
2235 
2165 
2026 
2165 
2165 
2235 
1956 
2095 
2165 
2235 
2235 
2584 
2095 
381895 
2165 
2166 
2165 
2095 
2165 
2165 
2095 
2165 
2025 
2026 
2096 
2096 
2165 
2165 
2025 
2096 
2235 
2025 
2095 
1886 
2095 
2165 
2165 
2095 
2165 
2095 
2165 
2095 
2025 
2095 
2235 
2095 
2235 
2096 
2025 
2095 
2165 
2165 
2166 
2025 
2026 
2025 
2026 
2165 
2165 
2095 
2025 
2095 
2165 
2235 
2304 
2095 
2165 
1396 
2095 
2026 
2165 
2095 
2235 
2165 
2166 
2165 
2165 
384130 
2095 
2235 
2166 
2304 
2235 
2235 
2165 
2165 
2235 
2375 
2235 
2165 
2165 
2096 
2235 
2234 
2235 
2165 
2305 
2165 
2096 
2235 
2235 
2375 
2235 
2235 
2305 
2235 
2165 
2235 
2165 
2235 
2235 
2166 
2305 
2165 
2165 
2165 
2165 
2165 
2025 
2165 
2235 
2235 
2235 
2095 
2235 
2026 
2235 
2235 
2234 
2305 
2305 
2165 
2234 
2026 
2166 
2235 
2235 
2375 
2234 
2235 
2165 
395096 
2235 
2305 
2235 
2165 
2235 
2235 
2165 
2095 
2095 
1956 
2026 
2025 
2095 
2165 
2095 
1956 
2165 
2235 
2165 
2095 
2235 
2165 
2235 
2095 
2234 
2095 
2095 
2025 
2095 
2025 
2095 
2235 
15994 
2095 
2235 
2235 
2165 
2375 
2305 
2305 
2235 
2305 
2374 
2235 
2305 
2444 
2305 
2375 
2375 
2304 
2235 
2304 
2235 
2305 
2235 
2235 
2375 
2375 
2235 
2235 
2305 
2305 
2305 
385946 
2235 
2235 
2166 
2305 
2305 
2305 
2374 
2235 
2374 
2305 
2235 
2374 
2305 
2235 
2304 
2235 
2375 
2235 
2165 
2305 
2375 
2304 
2304 
2165 
2305 
2305 
2304 
2445 
2304 
2305 
2305 
2305 
2165 
2374 
2444 
2304 
2305 
2374 
2375 
2304 
2444 
2375 
2165 
2305 
2304 
2235 
2304 
2305 
2445 
2305 
2375 
2305 
2375 
2234 
2235 
2305 
2375 
2375 
2305 
2304 
2375 
2375 
2305 
379730 
2375 
2305 
2305 
2444 
2305 
2305 
2375 
2305 
2305 
2304 
2374 
2375 
2444 
2234 
2234 
2374 
2305 
2305 
2305 
2305 
2444 
2375 
2514 
2444 
2444 
2374 
2375 
2375 
2444 
2374 
2235 
2445 
2374 
2375 
2375 
2375 
2305 
2375 
2445 
2235 
2305 
2235 
2305 
2305 
2305 
2305 
2584 
2444 
2375 
2305 
2304 
2235 
2305 
2234 
2305 
2445 
2375 
2375 
2444 
2374 
2305 
2235 
2305 
371070 
2165 
2165 
2304 
2305 
2304 
2374 
2374 
2305 
2444 
2444 
2375 
2235 
2444 
2444 
2444 
2305 
2445 
2514 
2375 
2444 
2305 
2375 
2514 
2515 
2375 
2375 
2445 
2304 
2305 
2375 
2304 
2444 
2375 
2445 
2444 
2305 
2305 
2374 
2375 
2304 
2375 
2444 
2444 
2375 
2444 
2305 
2514 
2445 
2514 
2445 
2584 
2444 
2444 
2515 
2514 
2514 
2374 
2375 
2304 
1676 
2515 
372257 
3073 
2305 
2444 
2444 
2445 
2374 
2375 
2374 
2374 
2445 
2374 
2304 
2304 
2444 
2444 
2375 
2375 
2444 
2514 
2445 
2304 
2375 
2305 
2305 
2165 
2305 
2304 
2305 
2444 
2305 
2374 
2444 
2235 
2444 
2375 
2374 
2374 
2234 
2375 
2444 
2724 
2374 
2305 
2375 
2374 
2375 
2375 
2374 
2374 
2375 
2375 
2445 
2375 
2375 
2444 
2374 
2305 
2305 
2304 
2445 
3142 
2723 
1816 
323647 
1606 
2374 
2374 
1816 
2445 
2235 
2374 
2374 
2304 
2235 
2304 
2445 
2514 
2445 
2375 
2514 
2375 
2445 
2445 
2445 
2514 
2514 
2445 
2514 
2515 
2514 
2444 
2445 
2514 
2514 
2444 
2514 
2444 
26890 
2514 
2444 
2445 
2515 
2444 
2515 
2444 
2515 
2584 
2515 
2514 
2445 
2444 
2444 
2514 
2445 
2585 
2514 
2514 
2375 
2445 
2445 
2515 
2444 
2514 
2584 
2514 
2515 
2514 
383781 
2375 
2444 
2515 
2584 
2445 
2375 
2445 
2305 
2375 
2375 
2304 
2305 
2445 
2444 
2515 
2514 
2584 
2444 
2374 
2374 
2235 
2305 
2374 
2374 
2374 
2445 
2374 
2305 
2305 
2304 
2305 
2305 
2305 
2374 
2374 
2305 
2374 
2584 
2584 
2445 
2444 
2514 
2374 
2445 
2514 
2445 
2444 
2374 
2444 
2445 
2375 
2375 
2305 
2374 
2375 
2514 
2585 
2514 
2445 
2515 
2514 
2515 
2514 
384619 
2514 
2444 
2515 
2515 
2654 
2584 
2515 
2515 
2724 
2514 
2584 
2374 
2584 
2584 
2584 
2515 
2585 
2584 
2444 
2584 
2584 
2584 
2654 
2515 
2584 
2445 
2515 
2514 
2374 
2444 
2445 
2374 
2514 
2584 
2584 
2445 
2444 
2514 
2584 
2584 
2514 
2515 
2514 
2654 
2654 
2514 
2584 
2514 
2584 
2584 
2584 
2514 
2515 
2514 
2584 
2584 
2584 
2585 
2654 
2584 
2654 
2654 
2514 
366391 
2584 
2514 
2514 
2584 
2584 
2514 
2584 
2585 
2654 
2515 
2584 
2724 
2514 
2584 
2514 
2584 
2585 
2515 
2514 
2584 
2584 
2654 
2584 
2654 
2514 
2584 
2584 
2584 
2585 
2584 
2724 
2515 
2374 
2515 
2584 
2654 
2724 
2514 
2654 
2654 
2654 
2584 
2584 
2584 
2514 
2584 
2585 
2584 
2584 
2515 
2514 
2514 
2515 
2514 
2584 
2654 
2584 
2514 
2445 
2514 
2445 
2584 
2585 
410322 
2584 
2654 
2654 
2514 
2445 
2584 
2724 
2514 
2515 
2584 
2514 
2514 
2584 
2584 
2514 
2654 
2514 
2584 
2445 
2375 
2584 
2584 
2584 
2654 
2584 
2585 
2515 
2584 
2654 
2514 
2585 
2584 
2584 
2584 
2515 
2514 
2514 
2584 
2584 
2584 
2514 
2514 
2514 
2584 
2584 
3003 
3073 
3492 
2584 
2654 
1677 
2514 
2584 
2515 
2654 
2654 
2584 
2724 
2515 
2654 
2724 
2584 
2724 
399426 
2794 
2724 
2724 
2584 
2724 
2934 
2723 
2794 
2794 
2654 
2654 
2654 
2584 
2793 
2794 
2724 
2723 
2863 
2724 
2723 
2793 
2724 
2724 
2793 
2724 
2724 
2793 
2724 
2794 
2794 
2723 
2724 
2654 
2793 
2654 
2724 
2724 
2793 
2724 
2794 
2794 
2724 
2724 
2724 
2724 
2934 
2794 
2863 
2724 
2723 
2793 
2654 
2724 
2724 
2864 
2794 
2793 
2723 
2723 
2863 
3422 
2654 
2723 
378194 
2794 
2724 
2584 
2724 
2445 
2724 
2654 
2793 
2794 
2654 
2653 
2794 
2794 
2724 
2863 
2723 
2794 
2724 
2654 
2654 
3352 
2933 
2724 
2793 
2584 
2584 
2654 
2654 
2654 
2584 
2654 
2654 
2584 
2724 
2724 
3283 
2864 
2654 
2863 
2724 
2654 
2584 
2584 
2724 
2864 
2863 
2794 
2724 
2794 
2793 
2794 
2723 
2794 
2793 
2794 
2794 
2794 
2794 
2794 
2794 
2724 
2723 
2864 
374563 
2723 
2724 
2724 
2723 
2724 
2724 
2723 
2514 
2514 
2584 
2794 
2794 
2793 
2794 
2794 
2794 
2794 
2793 
2864 
2863 
2654 
2793 
2863 
2793 
2794 
2724 
2794 
2794 
2863 
2794 
2794 
2794 
2793 
2794 
2793 
2724 
2794 
2793 
2863 
3283 
2863 
2794 
2724 
2933 
2864 
2724 
2864 
2724 
2724 
2863 
2794 
2864 
2723 
2724 
2724 
2724 
2724 
2793 
2864 
2794 
2724 
2724 
2864 
363457 
2724 
2654 
2724 
2724 
2864 
2864 
2724 
3004 
3073 
3143 
3004 
3073 
3073 
3003 
3143 
3073 
3003 
3003 
3003 
3143 
3003 
3073 
3073 
3143 
3003 
3003 
3004 
3073 
3073 
3073 
3422 
3073 
3003 
3073 
3073 
3003 
3073 
3073 
3143 
3073 
3073 
2934 
2934 
2933 
2793 
2864 
3004 
2793 
3073 
3143 
3632 
3004 
3003 
3143 
3003 
3073 
3073 
3003 
3003 
3003 
3143 
3073 
3073 
381756 
3004 
2933 
3003 
3143 
3143 
3073 
3073 
3003 
3073 
3004 
2933 
3003 
3003 
3073 
3143 
3143 
3073 
3212 
3073 
3004 
3003 
3073 
3073 
3074 
3003 
3073 
3073 
3143 
3423 
3143 
3003 
3143 
3073 
3213 
3213 
3003 
3142 
3073 
3073 
3073 
3143 
3003 
3213 
3073 
3143 
2933 
3352 
3004 
3143 
3073 
2934 
3003 
2933 
3003 
3004 
3003 
3003 
2933 
3073 
3143 
3073 
3073 
3143 
392371 
3282 
3074 
3143 
3073 
3143 
2933 
3073 
3073 
3073 
3003 
3003 
3073 
3213 
3143 
3004 
3073 
3003 
2934 
2863 
3003 
3003 
3073 
12712 
3073 
3143 
3073 
3003 
3073 
3003 
2934 
2934 
3073 
2933 
3003 
2864 
3003 
2933 
2933 
3003 
3353 
3003 
3003 
3003 
3073 
3073 
3073 
3073 
3073 
3073 
3003 
3073 
3073 
3073 
2933 
3003 
2934 
3073 
3073 
3003 
3073 
3073 
3003 
3004 
362409 
2933 
2934 
2934 
3073 
3073 
3003 
3073 
3073 
3073 
3073 
3003 
2934 
3003 
3073 
3003 
3073 
3143 
2934 
3073 
3213 
3003 
3352 
3003 
3073 
3073 
3003 
3073 
3003 
3003 
2934 
2934 
3073 
3073 
3073 
3073 
3073 
3003 
3004 
3143 
3143 
3073 
2934 
3003 
3073 
3003 
3073 
3143 
2934 
3003 
3143 
2934 
3073 
3003 
2934 
3073 
3073 
3073 
3143 
3143 
3073 
3003 
2933 
3003 
385178 
3003 
3073 
3073 
3073 
3003 
2933 
3143 
2933 
2933 
3003 
3003 
3073 
2934 
2863 
2933 
2933 
3003 
3003 
2934 
3073 
3074 
3143 
2933 
3073 
3073 
3073 
3003 
2933 
3143 
3142 
3143 
3142 
3143 
3352 
3143 
3073 
3143 
3073 
3004 
3142 
2933 
3003 
3212 
3143 
3004 
3003 
3073 
3143 
3143 
3003 
3073 
3073 
3003 
2933 
3003 
3003 
3073 
2934 
3073 
3003 
3004 
3073 
3073 
374772 
3003 
3073 
3073 
3143 
3003 
3073 
3003 
3073 
3003 
3073 
2934 
3003 
3003 
3003 
3004 
3073 
3073 
3073 
2933 
3003 
3073 
3073 
2933 
3073 
3073 
3143 
3073 
3004 
3143 
3003 
3143 
3073 
3003 
2933 
3003 
3073 
3003 
3073 
3003 
3004 
3003 
3073 
3073 
3073 
3143 
3073 
3143 
2724 
3003 
3073 
3212 
3143 
3073 
3073 
3212 
3073 
3283 
2933 
3073 
3073 
3073 
3073 
3003 
399425 
3143 
3073 
3143 
3073 
3073 
3003 
3213 
3073 
3073 
3213 
3073 
3981 
3143 
3073 
3003 
3143 
3073 
3213 
3073 
3073 
3073 
3143 
3073 
3073 
3143 
3143 
3143 
3003 
3073 
3073 
3073 
2934 
3073 
2934 
3004 
3003 
3073 
3073 
3143 
3003 
3143 
3073 
3143 
3073 
3003 
3142 
3003 
2933 
3003 
3073 
3073 
3841 
3004 
3143 
3073 
3004 
3073 
3213 
3143 
3143 
3073 
3003 
3073 
398448 
3003 
3003 
3003 
3003 
3073 
3003 
3143 
3004 
3004 
3003 
2933 
3004 
3073 
2933 
3073 
3073 
3702 
3073 
3003 
3073 
3003 
3352 
3073 
2934 
3073 
3073 
2933 
2933 
3003 
3073 
3003 
3143 
3003 
2933 
3003 
2933 
2934 
3003 
3003 
3003 
3003 
3073 
2934 
3004 
3143 
2863 
3003 
3073 
3003 
3073 
3073 
2934 
3142 
3003 
3073 
3073 
3073 
2933 
3003 
3073 
3142 
3143 
3073 
392371 
3143 
3143 
3073 
3073 
3073 
3073 
3213 
3143 
3073 
3143 
3073 
3142 
3282 
3143 
3213 
3073 
3213 
3213 
3073 
3212 
3143 
3212 
3073 
3283 
3073 
3073 
3073 
3003 
3143 
3004 
3003 
2933 
3003 
3003 
3003 
3003 
3003 
3143 
3213 
3073 
3073 
3213 
3073 
3143 
3143 
3143 
3073 
3073 
3073 
3003 
3073 
3003 
3073 
3073 
3143 
3073 
3143 
3282 
3143 
3143 
3213 
3073 
3213 
385108 
3213 
3143 
3004 
3073 
3143 
3212 
3143 
3143 
3074 
3073 
3143 
3004 
3073 
3143 
3073 
3142 
3073 
3213 
3143 
3143 
3073 
3143 
3213 
3073 
3143 
2934 
3143 
3143 
3003 
3143 
3073 
3143 
3143 
3073 
3143 
3143 
3003 
2933 
3143 
3212 
3143 
3213 
3073 
3003 
3073 
3142 
3353 
3142 
3073 
3073 
3003 
3143 
3143 
3142 
3143 
3143 
3073 
3073 
3213 
3282 
3143 
3143 
3213 
380708 
3143 
3143 
3841 
4190 
3353 
3142 
3143 
3283 
3143 
3213 
3283 
3143 
3143 
3213 
3143 
3353 
3213 
3701 
3353 
3143 
3282 
3143 
3213 
3073 
3003 
3143 
3073 
3143 
3073 
3283 
3632 
3073 
3143 
3212 
3143 
3213 
3143 
3003 
3213 
3282 
3283 
3282 
3143 
3142 
3003 
3213 
3213 
3143 
3213 
3003 
3143 
3213 
3212 
3213 
3003 
3143 
3073 
3143 
3283 
3212 
3283 
3143 
3143 
385317 
3073 
3213 
3282 
3841 
3283 
3282 
3352 
3212 
3213 
3142 
3143 
3212 
3073 
3143 
3073 
3142 
3143 
3283 
3282 
3352 
3213 
3212 
3143 
3143 
3213 
3213 
3353 
3213 
3142 
3283 
3212 
3143 
3282 
3143 
3212 
3213 
3282 
3142 
3212 
3283 
3212 
3213 
3143 
3213 
3213 
3213 
3283 
3213 
3142 
3213 
3702 
3143 
3073 
3283 
3073 
3143 
2934 
3143 
3003 
3073 
3073 
3073 
3143 
375400 
3213 
3143 
3143 
3282 
3283 
3143 
3213 
3213 
3282 
3143 
3212 
3353 
3213 
3212 
3282 
3282 
3282 
3352 
3212 
4261 
3213 
3143 
3213 
3282 
3213 
3212 
3213 
3282 
3353 
3702 
3283 
3283 
3213 
3143 
3213 
3771 
3632 
4539 
3283 
3283 
3423 
3492 
3422 
3492 
3353 
3352 
3492 
3283 
3352 
3352 
3422 
3422 
3422 
3422 
3283 
3492 
3353 
3283 
3422 
3422 
3492 
3353 
3422 
378473 
4260 
3422 
3492 
3422 
3352 
3422 
3422 
3493 
3422 
3283 
3352 
3282 
3422 
3352 
3422 
3422 
3492 
3283 
3283 
3352 
3353 
3492 
3422 
3213 
3282 
3352 
3353 
3422 
3353 
3492 
3353 
3422 
3492 
3353 
3981 
3422 
3422 
3423 
3492 
3353 
3493 
3352 
3422 
3283 
3422 
3422 
3422 
3283 
3283 
3423 
3282 
3213 
3423 
3282 
3422 
3283 
3073 
3423 
3283 
3422 
3282 
3283 
3282 
406479 
3213 
3143 
3282 
3213 
3352 
3352 
3282 
3283 
3143 
3213 
3353 
3283 
3352 
3213 
3423 
3143 
3283 
3212 
3352 
3422 
3422 
3423 
3422 
3352 
3492 
3492 
3423 
3352 
3352 
3841 
3422 
3422 
3353 
3422 
3352 
3841 
3422 
3423 
3283 
3422 
12920 
3213 
3422 
3492 
3423 
3632 
3352 
3352 
3282 
3422 
3352 
3353 
3352 
3283 
3423 
3352 
3422 
3493 
3352 
3283 
3352 
3352 
3283 
380847 
3422 
3352 
3353 
3493 
3352 
3213 
3353 
3353 
3353 
3213 
3283 
3283 
3352 
3422 
3423 
3422 
3353 
3422 
3282 
3352 
3282 
3353 
3143 
3283 
3562 
3353 
3353 
3492 
3492 
3353 
3353 
3423 
3422 
3353 
3282 
3353 
3422 
3562 
3492 
3422 
3353 
3492 
3353 
3352 
3353 
3352 
3352 
3353 
3422 
3353 
3492 
3422 
3422 
3562 
3422 
3352 
3353 
3423 
3423 
3352 
3422 
374771 
3492 
3423 
3352 
3352 
3492 
3422 
3353 
3422 
3492 
3422 
3422 
3353 
3422 
3423 
3492 
3352 
3492 
3492 
3422 
3492 
3492 
3353 
3632 
3353 
3701 
6774 
3422 
3422 
3423 
3422 
3492 
3353 
3422 
3423 
3423 
3492 
3422 
3422 
3562 
3352 
3283 
3352 
3352 
3352 
3422 
3423 
3422 
3492 
3352 
3423 
3422 
3422 
3493 
3422 
3282 
3492 
3352 
3701 
3422 
3423 
3423 
3422 
3562 
342015 
3492 
3561 
3422 
3352 
3492 
3562 
3492 
3492 
3493 
3353 
3492 
3911 
4539 
3492 
3422 
3352 
3352 
3841 
3283 
3352 
3492 
3492 
3632 
3562 
3632 
3422 
3492 
3492 
3632 
3492 
3632 
3562 
3492 
3632 
3422 
3492 
3492 
3423 
3282 
3562 
3562 
3562 
3492 
3562 
3632 
3492 
3422 
3353 
3422 
3493 
3492 
3562 
3492 
3632 
3492 
3562 
3422 
3422 
3562 
3561 
3492 
3562 
3492 
391464 
3562 
3492 
3492 
3493 
3492 
3492 
3562 
3423 
3422 
3352 
3492 
3632 
3492 
3492 
3562 
3562 
3422 
3631 
3492 
3422 
3632 
3492 
3422 
3492 
3422 
3492 
3353 
3422 
3492 
3492 
3492 
3422 
3422 
3422 
3562 
3562 
3492 
3492 
3423 
3562 
3352 
3492 
3422 
3492 
3562 
3492 
3492 
3352 
3492 
3282 
4260 
3562 
3562 
3492 
3562 
3352 
3423 
3562 
3632 
3562 
3631 
3562 
3981 
336358 
3702 
2305 
3702 
3631 
2724 
3632 
3701 
3423 
3562 
3562 
3632 
2654 
3701 
3492 
3631 
3562 
3632 
3632 
3632 
3562 
3422 
3492 
3422 
3632 
3562 
2794 
3492 
3562 
3632 
3492 
3562 
3632 
3562 
3562 
3702 
3702 
3562 
3701 
3562 
3562 
3632 
3562 
3632 
3422 
3562 
3702 
3632 
3631 
3423 
3562 
3492 
3492 
3492 
3632 
3492 
3561 
3562 
3702 
3562 
3562 
3561 
3631 
3701 
384759 
4610 
3702 
3562 
3562 
3562 
3702 
3631 
3631 
3632 
3701 
3562 
3771 
3562 
3702 
3492 
3562 
3701 
3562 
3631 
3492 
3632 
3701 
3632 
3562 
3562 
3702 
3632 
3562 
3492 
3632 
3702 
3562 
3562 
3631 
3562 
3562 
3632 
3632 
3632 
3632 
3492 
3632 
3632 
3562 
3632 
3562 
3631 
3562 
3632 
3632 
3631 
3701 
3632 
3771 
3701 
3702 
3842 
3702 
3771 
3701 
3772 
3493 
3632 
396493 
3632 
3702 
3632 
3702 
3702 
3631 
3632 
3631 
3632 
3632 
3702 
3562 
3701 
3632 
3702 
3632 
3631 
3701 
3562 
3771 
3702 
3702 
3701 
3702 
3772 
3772 
3701 
3772 
3702 
3701 
3771 
3632 
3632 
3842 
3702 
3702 
3701 
3701 
3771 
3771 
3631 
3631 
3772 
3701 
3771 
3632 
3771 
3701 
3702 
3701 
3632 
3492 
3562 
3562 
3492 
3702 
3771 
3771 
3702 
3702 
3701 
3771 
3841 
391324 
3632 
3632 
3771 
4120 
3702 
3771 
3771 
3771 
3702 
3632 
3701 
3912 
3701 
3771 
3631 
3772 
3632 
3842 
3841 
3842 
3561 
3771 
3771 
3702 
3632 
3842 
3701 
3771 
3841 
3772 
3702 
3842 
3701 
3841 
3772 
3702 
3702 
3702 
3772 
3841 
3631 
3701 
3631 
3632 
3632 
3632 
3561 
4121 
3631 
3702 
3632 
3771 
3631 
3771 
3702 
3632 
3632 
4400 
3632 
3562 
3631 
3632 
3632 
393628 
3631 
3422 
14876 
3771 
3701 
3632 
3631 
3632 
3562 
3702 
3632 
3632 
3632 
3632 
3632 
3701 
3772 
3771 
3631 
3632 
3632 
3632 
3562 
3632 
3561 
3562 
3562 
3631 
3632 
3702 
3771 
3631 
3702 
3702 
3771 
3632 
3632 
3771 
3772 
3771 
3771 
3771 
3842 
3771 
3841 
3702 
3702 
3701 
3842 
3632 
3702 
3701 
3701 
3562 
3701 
3562 
3632 
3772 
3841 
3772 
3702 
3702 
3771 
377285 
3702 
3702 
3842 
3771 
3911 
3771 
3981 
3702 
3911 
3771 
3771 
3771 
3842 
3771 
3911 
3771 
3772 
3911 
3702 
3841 
3911 
3701 
3701 
3632 
3702 
3632 
3701 
3772 
3841 
3771 
3702 
3772 
3842 
4190 
3911 
3841 
3701 
3841 
3701 
3701 
3702 
3841 
3701 
3702 
3771 
3771 
3702 
3702 
3632 
3631 
3562 
3632 
3702 
3632 
3772 
3841 
3772 
3631 
3702 
3841 
3771 
3841 
3842 
412276 
3841 
3771 
3632 
3632 
3701 
3632 
3632 
3632 
3702 
3771 
3771 
3772 
3842 
3632 
3702 
3771 
3771 
3841 
3842 
3702 
3841 
3772 
3841 
3772 
3702 
3842 
3702 
3841 
3701 
3701 
3841 
3841 
3771 
3771 
3771 
3842 
3771 
3772 
3772 
3911 
3841 
3772 
3632 
3772 
3702 
3772 
3702 
3842 
3911 
3701 
3841 
3911 
13829 
3842 
3771 
3771 
3632 
3701 
3841 
3981 
3841 
3842 
12782 
377705 
3702 
3841 
3771 
3841 
3771 
3842 
3841 
4121 
3842 
2585 
3772 
3213 
3213 
4539 
4749 
4051 
2514 
4330 
3841 
3912 
3772 
3422 
15155 
2724 
2515 
3842 
3772 
3841 
3841 
2794 
3841 
3912 
3842 
3842 
3841 
3701 
3772 
2514 
3423 
3422 
3841 
3911 
3841 
3911 
3911 
3911 
3911 
3911 
4051 
3771 
3841 
3841 
3981 
3841 
4051 
3841 
3911 
3911 
3911 
3981 
3981 
3981 
3911 
387273 
3911 
3772 
3841 
3772 
3911 
3841 
3701 
3701 
3772 
3702 
3841 
3981 
3911 
3841 
3841 
3981 
3911 
3841 
3911 
3842 
3842 
3841 
3981 
3841 
3771 
3702 
3771 
3841 
3842 
3771 
3772 
3911 
3841 
3981 
3981 
3841 
3841 
3911 
3841 
3701 
3771 
3981 
3911 
3841 
3841 
3772 
3911 
3981 
3841 
3911 
3911 
3841 
3911 
3841 
3841 
3842 
3981 
3701 
3842 
3981 
3842 
3842 
3911 
364714 
3841 
3841 
3981 
3911 
3912 
3841 
3771 
3911 
3841 
3841 
3771 
3701 
3702 
3841 
3911 
3981 
3842 
3981 
4051 
4121 
3911 
3911 
3842 
3911 
3981 
4050 
4121 
4051 
3981 
4050 
4051 
3981 
4121 
4120 
4051 
3981 
4050 
3981 
4051 
4051 
3981 
3981 
4121 
4051 
4051 
3841 
3981 
4121 
4051 
4120 
4051 
3981 
3911 
3911 
3841 
3981 
3911 
3912 
3981 
3911 
4051 
3981 
4191 
394746 
4121 
3911 
3981 
4051 
4051 
3981 
4051 
3981 
4121 
4120 
4051 
4051 
4051 
4051 
3981 
4121 
4121 
4051 
4120 
4051 
3981 
3841 
4121 
4051 
4051 
4051 
4050 
4050 
4051 
4051 
3981 
4121 
4190 
3981 
4120 
3981 
3981 
4051 
3981 
4121 
3981 
3981 
4051 
3981 
4191 
3911 
4120 
4120 
4120 
4120 
3841 
4051 
3841 
3911 
3981 
4051 
4050 
3841 
3912 
3981 
4051 
3981 
3981 
397889 
4051 
4051 
4051 
4051 
3981 
4051 
4121 
3981 
4121 
3911 
3981 
3842 
4051 
3981 
4051 
3981 
3981 
3911 
3912 
3912 
3981 
3841 
3842 
3981 
4051 
4051 
4051 
4051 
3981 
3911 
4051 
3981 
4051 
4051 
3981 
3981 
3912 
4051 
3981 
12641 
3981 
3981 
4260 
4050 
4121 
4121 
4051 
4260 
4121 
4610 
4050 
3981 
4051 
4121 
4121 
4051 
4190 
3981 
4051 
4051 
4051 
4050 
3981 
405712 
3981 
4051 
4121 
3911 
3981 
3981 
3841 
4330 
3841 
3772 
3771 
3911 
3841 
3911 
4121 
3911 
4051 
4191 
3981 
4121 
3981 
13479 
3981 
4190 
3981 
4051 
3981 
4191 
4051 
4260 
4051 
4051 
4190 
4261 
4121 
4051 
4120 
4190 
3981 
4120 
4260 
3981 
4121 
4121 
3981 
4051 
4121 
3911 
4051 
4121 
4120 
4121 
4191 
4190 
4051 
4051 
4260 
4050 
4051 
4051 
4120 
4121 
4121 
386086 
4120 
4051 
3981 
4051 
3911 
3981 
4051 
4051 
4120 
4051 
4051 
3981 
3981 
4051 
3981 
4120 
3911 
3911 
3981 
4191 
4051 
4051 
4121 
4050 
3981 
4051 
3981 
3981 
3911 
3981 
3981 
4051 
4051 
4121 
4121 
4051 
4121 
4051 
4051 
4121 
4051 
4051 
4120 
4120 
4051 
4051 
4051 
4121 
4051 
3981 
3981 
4190 
4120 
4051 
4050 
4191 
4051 
4121 
4051 
4191 
4120 
4191 
4120 
388041 
4190 
4190 
4121 
4260 
4260 
4121 
4260 
4121 
4190 
4121 
4121 
4190 
4121 
4191 
4121 
4260 
4120 
4260 
4120 
4330 
4121 
4190 
4190 
4050 
4121 
4051 
4120 
4191 
4190 
4330 
4191 
4121 
4120 
4191 
3981 
4051 
3981 
4051 
4051 
4051 
4051 
4121 
3981 
4121 
4260 
4190 
4400 
4191 
4260 
4191 
4260 
4121 
4191 
4191 
14666 
4190 
4261 
4051 
4260 
4191 
4190 
4260 
4120 
363387 
4190 
4330 
4051 
4260 
4190 
4260 
4120 
4330 
4121 
4260 
4121 
4260 
4191 
4190 
4190 
4120 
4330 
4191 
4190 
4191 
4191 
4191 
4121 
4190 
4121 
4051 
4749 
4121 
4261 
4121 
4191 
4191 
4121 
4331 
4190 
4260 
4190 
4260 
4330 
4330 
4190 
4330 
4191 
4400 
4260 
4330 
4401 
4191 
4330 
4190 
4470 
13620 
4191 
4470 
4330 
4191 
4260 
4191 
4330 
4190 
4330 
4260 
12711 
376378 
4190 
4121 
4470 
4260 
5029 
5657 
4889 
4330 
4190 
4191 
4191 
4260 
4191 
4260 
4330 
4260 
4330 
4260 
4330 
4190 
4261 
4260 
4121 
4121 
4121 
4120 
4051 
4121 
4261 
4261 
4330 
4260 
4191 
4190 
4260 
4261 
4191 
4330 
4261 
4261 
4260 
4330 
4261 
4190 
4191 
4121 
4051 
4190 
4051 
4191 
4190 
4190 
4191 
4050 
4191 
4260 
4191 
4051 
4330 
4261 
4400 
4190 
4191 
409693 
4400 
4400 
4260 
4331 
4261 
4470 
4330 
4190 
4540 
4190 
4260 
4260 
4261 
4260 
4261 
4261 
4331 
4260 
4400 
4190 
4191 
4261 
4191 
4190 
4260 
4260 
4260 
4121 
4260 
4191 
4260 
4261 
4191 
4260 
4260 
4330 
4331 
4261 
4260 
12013 
4190 
4190 
4261 
4330 
4261 
4260 
4190 
4330 
4261 
4260 
4260 
4260 
4400 
4121 
4121 
4191 
4260 
4400 
4330 
4330 
4330 
4330 
4331 
385458 
4400 
4261 
4261 
4260 
4400 
4261 
4400 
4331 
4261 
4190 
4261 
13829 
4190 
4260 
4330 
4260 
4330 
4400 
4330 
4190 
4261 
4331 
4330 
4191 
4121 
4191 
4260 
4261 
4190 
4261 
4260 
4400 
4330 
4190 
4191 
4331 
4400 
4191 
4190 
4400 
4260 
4400 
4400 
4330 
4261 
4330 
4330 
4400 
4400 
4400 
4330 
23258 
4469 
12362 
4400 
4261 
4470 
16902 
4330 
4330 
4330 
4470 
4330 
386435 
4261 
4330 
4400 
4400 
4330 
4400 
4330 
4400 
4470 
4400 
4400 
4331 
4400 
4330 
4330 
4331 
4469 
4330 
4469 
4400 
4330 
4330 
4191 
4261 
4400 
4400 
4190 
4260 
4261 
4469 
4331 
4470 
4400 
4470 
4330 
4400 
4330 
4261 
4330 
4260 
4190 
4400 
4261 
4330 
4260 
4260 
4330 
4330 
4330 
4331 
4400 
4330 
4330 
4261 
4330 
4330 
4261 
4330 
4260 
4400 
4330 
4331 
4261 
365762 
4470 
4330 
4330 
4400 
4400 
4330 
4190 
4261 
4331 
4330 
4331 
2864 
4261 
4470 
4470 
4470 
4400 
4540 
4400 
4470 
4400 
4470 
4330 
4400 
4261 
4400 
4610 
4330 
4470 
4400 
4261 
4400 
4330 
4400 
4470 
5168 
3282 
4400 
4470 
3213 
4330 
4540 
4400 
4400 
4539 
4400 
2934 
4470 
4400 
4470 
4400 
4540 
4400 
4261 
4400 
4539 
4470 
4400 
4470 
4400 
4470 
4051 
4400 
346976 
4540 
4400 
4540 
4400 
4330 
4470 
4469 
4400 
4540 
4330 
4470 
4400 
4539 
4330 
4470 
4400 
4469 
4330 
4609 
4400 
4400 
4330 
4260 
4330 
4260 
4401 
4330 
4470 
4470 
4330 
4330 
4260 
4330 
4330 
4260 
4260 
4260 
4400 
4470 
4400 
4470 
4400 
4400 
4470 
4331 
4470 
4400 
4470 
4540 
4539 
4470 
4401 
4400 
4469 
4400 
4470 
4401 
4400 
4400 
4400 
4540 
4470 
4400 
373654 
4400 
4400 
4400 
4540 
4400 
4540 
4539 
4470 
4540 
4400 
4401 
4400 
4400 
4539 
4400 
4330 
4400 
4470 
4470 
4470 
4400 
4540 
4470 
4400 
4470 
4609 
4400 
4470 
4400 
4470 
5099 
4540 
4400 
4540 
4400 
4889 
4470 
4470 
4609 
4470 
4470 
4330 
4400 
4469 
4470 
4400 
4470 
4400 
4609 
4400 
4400 
4400 
4609 
4540 
4609 
4540 
4540 
4679 
4470 
4400 
4400 
371279 
4331 
4610 
4400 
4331 
4400 
4330 
4540 
4610 
5098 
5797 
5029 
4470 
4610 
4470 
4609 
4470 
4609 
4470 
4470 
4400 
4400 
4470 
5168 
4540 
4539 
4750 
4470 
4750 
4540 
4610 
4539 
4610 
4540 
4680 
4610 
4679 
4470 
4609 
4540 
4609 
4540 
4609 
4540 
4679 
4539 
4610 
4610 
4400 
4470 
4469 
4540 
4540 
4400 
4470 
4470 
4400 
4470 
4470 
4679 
4540 
4889 
4539 
4539 
378752 
4470 
4609 
4400 
4609 
4540 
4539 
5168 
5448 
4470 
4469 
4470 
4540 
4470 
4470 
4400 
4400 
4330 
4750 
4470 
4540 
4470 
4610 
4540 
4470 
4539 
4540 
5098 
4469 
4539 
4540 
4610 
4540 
4469 
4609 
4470 
4610 
4539 
4540 
4470 
4400 
4539 
4679 
4540 
4540 
4469 
4400 
4400 
4540 
4749 
4609 
4470 
4539 
4540 
4470 
4609 
4540 
4540 
4609 
4540 
5168 
4959 
5098 
3212 
301018 
3212 
3143 
2933 
3073 
2724 
2723 
4470 
4470 
3842 
4540 
4540 
4610 
4749 
4609 
4470 
4610 
4540 
4540 
4470 
4539 
4539 
4610 
4540 
4609 
4679 
4610 
4609 
4749 
4610 
4750 
4679 
4609 
4609 
4539 
4470 
4540 
4470 
4470 
4470 
4610 
4749 
4750 
4609 
4749 
4679 
4540 
4750 
4679 
4610 
4609 
4679 
4609 
4750 
4679 
4679 
4610 
4679 
4679 
4680 
4679 
4680 
4679 
4749 
383781 
4749 
5308 
4469 
4609 
4750 
4749 
4540 
4680 
4819 
4679 
4540 
4609 
4819 
4680 
4610 
4610 
4819 
4609 
4610 
4609 
4609 
4610 
4609 
4610 
4610 
4609 
4609 
4610 
4609 
4609 
4610 
4680 
4680 
4749 
4610 
4749 
4750 
4609 
4540 
4609 
4540 
4610 
4540 
4539 
4609 
4539 
4539 
4609 
4540 
4540 
4609 
4610 
4540 
4470 
4610 
4539 
4680 
4539 
4540 
4539 
4539 
4679 
4679 
389858 
4820 
13062 
4540 
4680 
4680 
4679 
4749 
4819 
4679 
4679 
4680 
4749 
4750 
4680 
4540 
4540 
4609 
4680 
4819 
4679 
4680 
4609 
4679 
4680 
4819 
4679 
4749 
4749 
4749 
4680 
4679 
4749 
4819 
4819 
4749 
4749 
6076 
4749 
3073 
4609 
4749 
4679 
4610 
4679 
4680 
4539 
4609 
4609 
5937 
4819 
5239 
4749 
4539 
4749 
5029 
4400 
4539 
4540 
4679 
4609 
4679 
4680 
4749 
355006 
4540 
4540 
4680 
4750 
4889 
4819 
4749 
4610 
4749 
4820 
4679 
4819 
4749 
4679 
4749 
4680 
4750 
5308 
4750 
4750 
4679 
4749 
4750 
4679 
4679 
4750 
4889 
4749 
4609 
4679 
4750 
4679 
4819 
4749 
4679 
4750 
4749 
4819 
4749 
4540 
4749 
4819 
4819 
4889 
4679 
4680 
4819 
4889 
4819 
4749 
4889 
4609 
4749 
4749 
4609 
4610 
4889 
4889 
4610 
4750 
4679 
4750 
4750 
4819 
4679 
4750 
4749 
4609 
4680 
4610 
4749 
4679 
4610 
4609 
4679 
4540 
4679 
4539 
4540 
4539 
4539 
4679 
4680 
4679 
4679 
4610 
4610 
4680 
4679 
4749 
4749 
4750 
4749 
4819 
4749 
4610 
4819 
4749 
4749 
4889 
4819 
4819 
4750 
5378 
4889 
4819 
5866 
4889 
4889 
4679 
4819 
4749 
4819 
4819 
4749 
4819 
4889 
4749 
4749 
4889 
4749 
4680 
4819 
4609 
4749 
4819 
5168 
5029 
4819 
4889 
4819 
4609 
4819 
4819 
4680 
4819 
4679 
4679 
4819 
4889 
4750 
4889 
4819 
4749 
4819 
4749 
4680 
4749 
4819 
4679 
4889 
4680 
4819 
4749 
4749 
4610 
4679 
4679 
4749 
4749 
4819 
4819 
4819 
4819 
4889 
4819 
4889 
4959 
4749 
4679 
4819 
4819 
4889 
4679 
4889 
4889 
4819 
4819 
4749 
4819 
4889 
4819 
4749 
4889 
4889 
4750 
4819 
4679 
4820 
4819 
4750 
4749 
4749 
4889 
4680 
4959 
4610 
4749 
4679 
4539 
4610 
4819 
4819 
4889 
4889 
4889 
4889 
5028 
4889 
4889 
5098 
4749 
4819 
4959 
4819 
4888 
4889 
4819 
4820 
4959 
4959 
4959 
4889 
5028 
5028 
5028 
4959 
5029 
4889 
4889 
4749 
4749 
4959 
4889 
4889 
4959 
4889 
5029 
4819 
4819 
4889 
5867 
4819 
5029 
5028 
4819 
4819 
4958 
4889 
4819 
5028 
4959 
5028 
5238 
5099 
5308 
5099 
5168 
5168 
5169 
5168 
5029 
4888 
4959 
4889 
4889 
4889 
5308 
5029 
5168 
4889 
4819 
4959 
5099 
4889 
3562 
3282 
5168 
3631 
5029 
4260 
4610 
4679 
5028 
5029 
4959 
5028 
4959 
5099 
5029 
5028 
4959 
5028 
5029 
4819 
4959 
4819 
4610 
4749 
4539 
4540 
4540 
4400 
5028 
5099 
5169 
5099 
4889 
5238 
5238 
5238 
5238 
5308 
5238 
5238 
5098 
4959 
4958 
5238 
19067 
5028 
5308 
5098 
4959 
5308 
5238 
4959 
5239 
5029 
4959 
5238 
5168 
5099 
4959 
5308 
5378 
5098 
5308 
5168 
5238 
5168 
5099 
5169 
13619 
5308 
5308 
5238 
5099 
5168 
4959 
5028 
4959 
5169 
5028 
5028 
5238 
5099 
5098 
4889 
4959 
5308 
4959 
4958 
8172 
4959 
4889 
5029 
5098 
5029 
5169 
5098 
5238 
5098 
5168 
5168 
5238 
5168 
5308 
5029 
5168 
5028 
5238 
5239 
5168 
5099 
5029 
5098 
5028 
5308 
5168 
5168 
5168 
5238 
5378 
5238 
5099 
4959 
5169 
5308 
5169 
5168 
5169 
4888 
5657 
5658 
5657 
5658 
5866 
5727 
5657 
6146 
5937 
5797 
5867 
5657 
5797 
5727 
5587 
5866 
5797 
5867 
5727 
5867 
5797 
5867 
5796 
5867 
5797 
5867 
5866 
5936 
5937 
6006 
5866 
14527 
5937 
5866 
5937 
5867 
5587 
5658 
5657 
5588 
5587 
5588 
5867 
5727 
5866 
5727 
5797 
5727 
5797 
5797 
5796 
5658 
5936 
5936 
5867 
5866 
5866 
5797 
5937 
5936 
5797 
5797 
5797 
5936 
5937 
5797 
5588 
5797 
5936 
5867 
5867 
5867 
5867 
5866 
5937 
5727 
5657 
5728 
5937 
5797 
5797 
5867 
5587 
5588 
5588 
5587 
5937 
5867 
5796 
5658 
5867 
5587 
5657 
5588 
5587 
5867 
5727 
5867 
5727 
5797 
6565 
6635 
6845 
6705 
6775 
5657 
6565 
6495 
6286 
6705 
6705 
6565 
6775 
6705 
6565 
6495 
6565 
6844 
6635 
6635 
6705 
6774 
6844 
6705 
6705 
6705 
6495 
6705 
6635 
6566 
6565 
6496 
6495 
6635 
6495 
6495 
6635 
6705 
6565 
6496 
6775 
6845 
6774 
6705 
6775 
6705 
7543 
6705 
6635 
6704 
6495 
6635 
6635 
6844 
6635 
4470 
6565 
5308 
6844 
6775 
6775 
6774 
6775 
6775 
6775 
6775 
6775 
6775 
6844 
6845 
6705 
6635 
6565 
6775 
6775 
6705 
6774 
6774 
6775 
6845 
6775 
6775 
6845 
6635 
6775 
6775 
6775 
6635 
6566 
6566 
6635 
6635 
6635 
6495 
6566 
6845 
6844 
6914 
6845 
6635 
7263 
7334 
7334 
7264 
7124 
7124 
7124 
7334 
7264 
7194 
6984 
7054 
7193 
7124 
7124 
7334 
7054 
7124 
7054 
7054 
7054 
7054 
7124 
7264 
7333 
7264 
7124 
7404 
7264 
7054 
7263 
7333 
7194 
7054 
7124 
7403 
7264 
7124 
7123 
6914 
6984 
7194 
6914 
7124 
7193 
7333 
7263 
7124 
7194 
7333 
7054 
7194 
6985 
7124 
7264 
7263 
7194 
7194 
7054 
7124 
6984 
7124 
7054 
6984 
7054 
7054 
7194 
7124 
7264 
7124 
7054 
6914 
7194 
7124 
7264 
7124 
7054 
7054 
6914 
7054 
7124 
7124 
7333 
7194 
7264 
7193 
7752 
7333 
7124 
7124 
7264 
7194 
7124 
7194 
7194 
7194 
7194 
7333 
7334 
25702 
8101 
8032 
8101 
7403 
8102 
7962 
7962 
7962 
7753 
7892 
7962 
7892 
34851 
7892 
7892 
7962 
7962 
7962 
7822 
7962 
8032 
8031 
7962 
7962 
7962 
7962 
7962 
8032 
7822 
7752 
7962 
7893 
7822 
7613 
7752 
8032 
7892 
7753 
7822 
7683 
7822 
8102 
7683 
7892 
8032 
8031 
7823 
7753 
7822 
7683 
7683 
7613 
7752 
7962 
5169 
7752 
5098 
7752 
7613 
7962 
7962 
5168 
7892 
5099 
18997 
7752 
5168 
7682 
7124 
7683 
8031 
7962 
5168 
8032 
7753 
6914 
7822 
8032 
7892 
7822 
7682 
7683 
7962 
7823 
7892 
7752 
7892 
7752 
7962 
7822 
7753 
7613 
7682 
7613 
7682 
8032 
8102 
7822 
7683 
7822 
8590 
8450 
8242 
8381 
8171 
8311 
8521 
9568 
5937 
19766 
9568 
8800 
7264 
8381 
8381 
8311 
8381 
8381 
8241 
8241 
8381 
8311 
8381 
8451 
8242 
8312 
8312 
8381 
8241 
8381 
8311 
8381 
8312 
8451 
8451 
8451 
8451 
8381 
8451 
8311 
21651 
8451 
8521 
8241 
8451 
8521 
8311 
8521 
8521 
8520 
8451 
8521 
8311 
8451 
8311 
8241 
8521 
8381 
8451 
5517 
8311 
8381 
7822 
8590 
7752 
8311 
7683 
8311 
8242 
8242 
8171 
8312 
8241 
8311 
8381 
8381 
8312 
8311 
8311 
8381 
8381 
8381 
8451 
8311 
8242 
8591 
8381 
8312 
8381 
8451 
8381 
8381 
8381 
8450 
8450 
8381 
8242 
8172 
8311 
8381 
9289 
9079 
9079 
8870 
9079 
9080 
9149 
9080 
9150 
9219 
9149 
9010 
8870 
9219 
9080 
9079 
9219 
9289 
9988 
9079 
9009 
8870 
8870 
9219 
8870 
9079 
9009 
9080 
9219 
9150 
9079 
9219 
9150 
9149 
8940 
9079 
9079 
9219 
9219 
9079 
9150 
9219 
9149 
9080 
9080 
9009 
8939 
8940 
9010 
9010 
9149 
9150 
9219 
9149 
10965 
10616 
9079 
9220 
9010 
9289 
9289 
9079 
9149 
9220 
9080 
8940 
9429 
9219 
9079 
8940 
9289 
9219 
8940 
8939 
8940 
8940 
9010 
9010 
9219 
9149 
9219 
9219 
9220 
9289 
9219 
9149 
9289 
9150 
9149 
9079 
9289 
9219 
9010 
9289 
9080 
9219 
9219 
8940 
9010 
9289 
9429 
9638 
9429 
9359 
9428 
9219 
9289 
9568 
9638 
9429 
9289 
9289 
9359 
9289 
9219 
9499 
9429 
9428 
9219 
9498 
9499 
9359 
9429 
9429 
9638 
9359 
9220 
9429 
9569 
9429 
9568 
9428 
9358 
9359 
9499 
9638 
9708 
9988 
9359 
9359 
9358 
10197 
9498 
9847 
9568 
9638 
9708 
9708 
9708 
9708 
9708 
9708 
9569 
9708 
9778 
9638 
18718 
9708 
9568 
9708 
9778 
9429 
9359 
9499 
9568 
9778 
9708 
9498 
6425 
9848 
8172 
9777 
9428 
9778 
9568 
9708 
9638 
9568 
9568 
9429 
9778 
9638 
9708 
9708 
9708 
9708 
9499 
9778 
9638 
9708 
9358 
9498 
9569 
23676 
9358 
9429 
9359 
9569 
9638 
9499 
10686 
10895 
10546 
10616 
10546 
10616 
10546 
10547 
10546 
10476 
10547 
9499 
10197 
10266 
10406 
10476 
10476 
10336 
9708 
9638 
9498 
10337 
10476 
10546 
10337 
10266 
10546 
21512 
10476 
10616 
10267 
10267 
10546 
10616 
10616 
10547 
10267 
10546 
10407 
10337 
10546 
10337 
19277 
10197 
10616 
10965 
10337 
10336 
18929 
10266 
10267 
10406 
10197 
10197 
10406 
10616 
10406 
10267 
10616 
10406 
10546 
10336 
10476 
10546 
10546 
10476 
10336 
10476 
10407 
10616 
10406 
9289 
10266 
10546 
10477 
10406 
10407 
10546 
10476 
10476 
10476 
10336 
10336 
10266 
10267 
10406 
10476 
10407 
10476 
10616 
10476 
20045 
10406 
10337 
10267 
10406 
10266 
10267 
10407 
10546 
10965 
10965 
10756 
10826 
10965 
10826 
10825 
10965 
10966 
10895 
10825 
10616 
10895 
10825 
10546 
10546 
10616 
10826 
10756 
10546 
10686 
10686 
10826 
10826 
10826 
10686 
10616 
10756 
10895 
10895 
10686 
10895 
10895 
10826 
10756 
10616 
10686 
10616 
10896 
10686 
10686 
10686 
10826 
10895 
10965 
10965 
10825 
10825 
10756 
11803 
10895 
10756 
10756 
10756 
11105 
11105 
11035 
11175 
10826 
10756 
10896 
11035 
10826 
10826 
10965 
10896 
10895 
11035 
10826 
10755 
10686 
10965 
11035 
10895 
10616 
10756 
10756 
10756 
11035 
11035 
10756 
10756 
10756 
10756 
10686 
11035 
10756 
10895 
10756 
10546 
10965 
10755 
10895 
10755 
10616 
10826 
10896 
10685 
10826 
10895 
11454 
11454 
11245 
11454 
11454 
11384 
11244 
11384 
11384 
11384 
11244 
11385 
11174 
11384 
11175 
11384 
11245 
24724 
11315 
11384 
12013 
11593 
11384 
11315 
11175 
11385 
11105 
11454 
11385 
19416 
11523 
12502 
11524 
11244 
11454 
11384 
11384 
24585 
11245 
11454 
11524 
11384 
11385 
11314 
11454 
11943 
11873 
11803 
11454 
11384 
11245 
11244 
11104 
11384 
11385 
11314 
11105 
11454 
11315 
11314 
11315 
11594 
11454 
11385 
11593 
11524 
11245 
11245 
11454 
11175 
11314 
11454 
11314 
11245 
11384 
11524 
11384 
11314 
11174 
19975 
11454 
11314 
11384 
11385 
11524 
11315 
11454 
11593 
11593 
11594 
11524 
11454 
11524 
11314 
11384 
10336 
11175 
11105 
11455 
11315 
11873 
11943 
10895 
12292 
11803 
20883 
11664 
11734 
11943 
11943 
11873 
11734 
11594 
11943 
11874 
11873 
11803 
11734 
11874 
11664 
11803 
11803 
11664 
11594 
11454 
11593 
11454 
11454 
11664 
11593 
11733 
11803 
11664 
11803 
11733 
11663 
11803 
11734 
11873 
11664 
11734 
11663 
11734 
12013 
11873 
11943 
11803 
11454 
11454 
11663 
11524 
11943 
11804 
11804 
11873 
11943 
11804 
11803 
11663 
11943 
11873 
11804 
11803 
11803 
11663 
11874 
11873 
11873 
11873 
11803 
11804 
11873 
11873 
11873 
11873 
11803 
11733 
12362 
13200 
12990 
11803 
11873 
11873 
11663 
11804 
11803 
11803 
11874 
11873 
11734 
11873 
11664 
11733 
11664 
11175 
11175 
10965 
10965 
10616 
10616 
12292 
11384 
12012 
12222 
12432 
12222 
12432 
12223 
12432 
12501 
12432 
12362 
12222 
12083 
12432 
12152 
12362 
12152 
12083 
12292 
12223 
12362 
12152 
12432 
12082 
12501 
12292 
12362 
12223 
12432 
12362 
12362 
12083 
12153 
12431 
12362 
12362 
12432 
12293 
12222 
12013 
12153 
12153 
12222 
12083 
12502 
12432 
12152 
12223 
12153 
12223 
12013 
12292 
12222 
12502 
12571 
12851 
12572 
12572 
12293 
12292 
12571 
12572 
12502 
12362 
12222 
12571 
12502 
12431 
12432 
12292 
12711 
12292 
12152 
12501 
12501 
12362 
12572 
12501 
12502 
12501 
12572 
12641 
12502 
12432 
12432 
12571 
12502 
12502 
12432 
12362 
12432 
12362 
12432 
12362 
12571 
12432 
12432 
12432 
12292 
12781 
12641 
12711 
12502 
12851 
12711 
12712 
12501 
12502 
12711 
12851 
12781 
12781 
12571 
12711 
12572 
12641 
12641 
12502 
12362 
12641 
12572 
12712 
12502 
12501 
12432 
12571 
12641 
12642 
12641 
12571 
12712 
12641 
12711 
12502 
12641 
12711 
12642 
12851 
12991 
12781 
12712 
12782 
12711 
12362 
12641 
12712 
12641 
12572 
12501 
12432 
12502 
12362 
12432 
12432 
12292 
12362 
12362 
12362 
12431 
12292 
12641 
12572 
12711 
12781 
12502 
12362 
12641 
12642 
12432 
12711 
12572 
12432 
12292 
12292 
12362 
12432 
12362 
12711 
12642 
12572 
12432 
12711 
12362 
12781 
12781 
12641 
12712 
12571 
12641 
12501 
12432 
12501 
12641 
12571 
12642 
12222 
12572 
12432 
12432 
13270 
12991 
13130 
12851 
13270 
13060 
13689 
13339 
13270 
13200 
13130 
12851 
12990 
13131 
13200 
13410 
13061 
13130 
13200 
13061 
13200 
13200 
12920 
12781 
12781 
12851 
12990 
13200 
13270 
13060 
13200 
14388 
14457 
12571 
13200 
13270 
13130 
13130 
13269 
13200 
13200 
13130 
12991 
13200 
13200 
13270 
13200 
13200 
12851 
12711 
12990 
13200 
12991 
13200 
13200 
13200 
13060 
13340 
13339 
13270 
13200 
13270 
19695 
13270 
13270 
13340 
13270 
13270 
13200 
13130 
12991 
12711 
13061 
12990 
12781 
12991 
13340 
13131 
12851 
13410 
13130 
13130 
13200 
13061 
12991 
13131 
13131 
13130 
12921 
12921 
12781 
12851 
14178 
13130 
12991 
13060 
13130 
13200 
12991 
13060 
13619 
13550 
14318 
13340 
14597 
13689 
13619 
14876 
13759 
13689 
13479 
13689 
13549 
13689 
13410 
22350 
13619 
13969 
13549 
13479 
13549 
13550 
13270 
13479 
13619 
13340 
13410 
13410 
13479 
13619 
13619 
13479 
13689 
13619 
13549 
13619 
13480 
13550 
13619 
13619 
13340 
13409 
13409 
13340 
13619 
13828 
13689 
13619 
13410 
13409 
13550 
13479 
13689 
13689 
13549 
13619 
13410 
13480 
13479 
13619 
13620 
13550 
13410 
13619 
13828 
13759 
13759 
13479 
13550 
13479 
13410 
13689 
13619 
13549 
13619 
13339 
13620 
13549 
13549 
13480 
13480 
13409 
13410 
13619 
15714 
15086 
14876 
13410 
13479 
13410 
13480 
13480 
13409 
13480 
13480 
13480 
13619 
13620 
13479 
13619 
14178 
14038 
13130 
14109 
12990 
14108 
13828 
13968 
13829 
13619 
13620 
13759 
13549 
13619 
13689 
13759 
14038 
13759 
13899 
14108 
13828 
13899 
13899 
13759 
13689 
13898 
13969 
14108 
13968 
14108 
14038 
14178 
13898 
13898 
13759 
13969 
13689 
14108 
14178 
14108 
14178 
14178 
13968 
13899 
13758 
13689 
13829 
13898 
14178 
13829 
13968 
13898 
14178 
13829 
13829 
13968 
14178 
13899 
13968 
14248 
20254 
13969 
14178 
14178 
14108 
13968 
14247 
14247 
14039 
14108 
13969 
13899 
13969 
13759 
13898 
13828 
13898 
13969 
13619 
13689 
14108 
14108 
9359 
13689 
14038 
13829 
14039 
14108 
13759 
14108 
13968 
14108 
13829 
14178 
14248 
14248 
14177 
14108 
13969 
13899 
14527 
11524 
14457 
14597 
14317 
12152 
13968 
14039 
14248 
14388 
14248 
14248 
14317 
12013 
14248 
14178 
14248 
14178 
14108 
14457 
14317 
14177 
14108 
14248 
14178 
14317 
9498 
9429 
103086 
12641 
14388 
14317 
14317 
14248 
11943 
14318 
14108 
32267 
14108 
14806 
12083 
14108 
14387 
14388 
14388 
14387 
14387 
14457 
14458 
14457 
14178 
14247 
14387 
14318 
14247 
14178 
14038 
14457 
14527 
14247 
14248 
14387 
14247 
14318 
14667 
14247 
14317 
14387 
14178 
14178 
14388 
14597 
14527 
14527 
14388 
14108 
14317 
14248 
14178 
14108 
14457 
14177 
14318 
14248 
14178 
14039 
14457 
14177 
14527 
14248 
14108 
14178 
14108 
14248 
14108 
14457 
14457 
14318 
14247 
14248 
14667 
14807 
14877 
14806 
14807 
14597 
28007 
14876 
14806 
14946 
14737 
23816 
14876 
14877 
14876 
14597 
14736 
14388 
14387 
14457 
14318 
14667 
14458 
14597 
14807 
14806 
14877 
15505 
14737 
14667 
14736 
14737 
14527 
14527 
14737 
14877 
14877 
14597 
14597 
14947 
14667 
14877 
14737 
14597 
14597 
14806 
14737 
14807 
14667 
14597 
14737 
14737 
14597 
14666 
221957 
14736 
14527 
14527 
14737 
14737 
16273 
16553 
23397 
14876 
14737 
14877 
14737 
14946 
14946 
14527 
14807 
14667 
14527 
14947 
14737 
14667 
14667 
14737 
14807 
14597 
14597 
14667 
14597 
14597 
14806 
14667 
14387 
14597 
14457 
22280 
14666 
14597 
14527 
14527 
14317 
14667 
14597 
14736 
14527 
14458 
15156 
15296 
14737 
14946 
15155 
15226 
15086 
13899 
14807 
14876 
15156 
15086 
15156 
15086 
14946 
24305 
15226 
15086 
14946 
15155 
14946 
14876 
14807 
14876 
14876 
14807 
14807 
15016 
15016 
15086 
14946 
14807 
15086 
14946 
14946 
14876 
14946 
15156 
15156 
15086 
15226 
15226 
15225 
15016 
15086 
15226 
15016 
14876 
14807 
15226 
15086 
15086 
15086 
23816 
15155 
14876 
15016 
14876 
15155 
15086 
15086 
14876 
15085 
15016 
14947 
15016 
14806 
14807 
14807 
14877 
15016 
15016 
14737 
15016 
14877 
15016 
14946 
15086 
15086 
15016 
14946 
14806 
14946 
14946 
15016 
15016 
15086 
15016 
14947 
15156 
15016 
15086 
14807 
15086 
15085 
15086 
15016 
14946 
14807 
15085 
15435 
15575 
15296 
15226 
15226 
15086 
15086 
15435 
15295 
15225 
15016 
15086 
15226 
15435 
15226 
15365 
15435 
15295 
15016 
15086 
15435 
15295 
15365 
15296 
15225 
15156 
15295 
15226 
15156 
15155 
15156 
15295 
15085 
15435 
15226 
15365 
15574 
39879 
15366 
25982 
14946 
15435 
15366 
15575 
15505 
15295 
15225 
15505 
15645 
15296 
15086 
15016 
14876 
15016 
15296 
15365 
15225 
15016 
15086 
15296 
15435 
15296 
15156 
15016 
15155 
15225 
30591 
15435 
15505 
15505 
15435 
15365 
15435 
15365 
15296 
15295 
15435 
15366 
15156 
15435 
15505 
15505 
15295 
15226 
15435 
15226 
15365 
14946 
15086 
15366 
15435 
16203 
15365 
15366 
15295 
15365 
15295 
15365 
15365 
15366 
15714 
15645 
15365 
15296 
15365 
15366 
15296 
15225 
15295 
15365 
15784 
15574 
15644 
15644 
15435 
15505 
15505 
15366 
15365 
15365 
15295 
15295 
15365 
15295 
15435 
15296 
15296 
15296 
15365 
15295 
15365 
15365 
15645 
15715 
15505 
15504 
15296 
15575 
15575 
15505 
15435 
15365 
15295 
15295 
15226 
15155 
15436 
15504 
15295 
15295 
15365 
15505 
15435 
15505 
15505 
15295 
15575 
15574 
15435 
15366 
15505 
15435 
15365 
15574 
15365 
15226 
15435 
15435 
15365 
15296 
15504 
15504 
15435 
15295 
15365 
25004 
15225 
16064 
15575 
15435 
15435 
15505 
15435 
15365 
15156 
15435 
15296 
15435 
15435 
15365 
15016 
15295 
15226 
15296 
15155 
15365 
15226 
15296 
15435 
15504 
15994 
15924 
28636 
15714 
15854 
15575 
15644 
15993 
15994 
15854 
15785 
15784 
15994 
15924 
15784 
15994 
15924 
15854 
16064 
15924 
15994 
15924 
15924 
15784 
15785 
15784 
15715 
15784 
15715 
15924 
15924 
15854 
15924 
15784 
15715 
15854 
15924 
15645 
15784 
15994 
15854 
25283 
15994 
16064 
16063 
16064 
16134 
15994 
15994 
15924 
16063 
15993 
16063 
16063 
16133 
17670 
17740 
16063 
10756 
15854 
10686 
25422 
15645 
15924 
15924 
16204 
16064 
15924 
16063 
16133 
15993 
15715 
15993 
16064 
15994 
16203 
16064 
15854 
15924 
15994 
15784 
15785 
23117 
16064 
16133 
15854 
16273 
15994 
15994 
16134 
16343 
16203 
16204 
16063 
15854 
15854 
15924 
15854 
14736 
15924 
16413 
15016 
16273 
16204 
16133 
16343 
16273 
16273 
15994 
16413 
16203 
16133 
16343 
16273 
16483 
16134 
16273 
16203 
16064 
16413 
16413 
16273 
16482 
16413 
16483 
16483 
16413 
16343 
16413 
16412 
16273 
16273 
16204 
16273 
16483 
16343 
16203 
16064 
16203 
16273 
16133 
16413 
16273 
16483 
16203 
16273 
16413 
16273 
16343 
16343 
16343 
16413 
16204 
16273 
16204 
16134 
16273 
16133 
16203 
16134 
15924 
16273 
16063 
17391 
16482 
16413 
16064 
16343 
16343 
16413 
16483 
16483 
16483 
16483 
16413 
16273 
16832 
16413 
16483 
16343 
16273 
16203 
16273 
16204 
15924 
16064 
16063 
16064 
18298 
16134 
15994 
16343 
16413 
16133 
17391 
16413 
16133 
16412 
16273 
16483 
16693 
16623 
16553 
16901 
16832 
16762 
16692 
16413 
16692 
16483 
16692 
26192 
16692 
16552 
16483 
16413 
16762 
16623 
16553 
16622 
16482 
16413 
16762 
16622 
16412 
16762 
16622 
16553 
16832 
16762 
16832 
16762 
16762 
16832 
16692 
16762 
16762 
16622 
16832 
25702 
16832 
16832 
17740 
16413 
16902 
16902 
16832 
16692 
17041 
16901 
16483 
16553 
18578 
16553 
16832 
16762 
16832 
16832 
16901 
16902 
16832 
16762 
16553 
16762 
16552 
16622 
16902 
16762 
16832 
16832 
16692 
16972 
16692 
16902 
16831 
16483 
23816 
16832 
16622 
16692 
16901 
16623 
16413 
16482 
16413 
16902 
16762 
16623 
16692 
16413 
16482 
16482 
16552 
16553 
16623 
16693 
16692 
16553 
16762 
16622 
17111 
16972 
16901 
16832 
25912 
16972 
16693 
16692 
16902 
16623 
16692 
16972 
17112 
16971 
17181 
17041 
17111 
17111 
16762 
16902 
16902 
16902 
16972 
17041 
17042 
16762 
16902 
16552 
16902 
16762 
16762 
16902 
16832 
16832 
16832 
17042 
16832 
18368 
16971 
16902 
17810 
17320 
17181 
16902 
16762 
16972 
17181 
17111 
17181 
17181 
17181 
17041 
16762 
16971 
16901 
16971 
16901 
16902 
16762 
16832 
16832 
17111 
17181 
17111 
17042 
17112 
17042 
17041 
16902 
17111 
17112 
17041 
16971 
16902 
16832 
16692 
16972 
16901 
16901 
17112 
17251 
17251 
16972 
17111 
17181 
17041 
17042 
17041 
17111 
16971 
17181 
17740 
17181 
16832 
17181 
17112 
17112 
17111 
17042 
17111 
15924 
17181 
17181 
15785 
17251 
17460 
17391 
17600 
17251 
17321 
17390 
17181 
17251 
17321 
17321 
17321 
17321 
17391 
17460 
17251 
17320 
17321 
17391 
17391 
17251 
18229 
17041 
17390 
17251 
17390 
17391 
19416 
18298 
17530 
17390 
17251 
17321 
17530 
17321 
17390 
17181 
17251 
17251 
17111 
17111 
17181 
17251 
17112 
17041 
17181 
17181 
17181 
17042 
17111 
17042 
17181 
16971 
17181 
17041 
17321 
17321 
17391 
17181 
17181 
17391 
17391 
17181 
17949 
17182 
17111 
17530 
17391 
17391 
17391 
17321 
17391 
17251 
17251 
17460 
26471 
17461 
17251 
17390 
17181 
23118 
17250 
17391 
17251 
17530 
17390 
17181 
17251 
25073 
17251 
18089 
17251 
17181 
17391 
17251 
17112 
17810 
17740 
17740 
17600 
17530 
17460 
17461 
17460 
17391 
17670 
17879 
18788 
17600 
17530 
17740 
17670 
17740 
17670 
17601 
17810 
17600 
17740 
17809 
17740 
17670 
17740 
17809 
17600 
17530 
17670 
17321 
18368 
17531 
17600 
17600 
17670 
17251 
17531 
17530 
17390 
17530 
17600 
17670 
17739 
17670 
17600 
17670 
17670 
17600 
17460 
17391 
17600 
17321 
17530 
17600 
17530 
17740 
17530 
17739 
17670 
17600 
17670 
17530 
17321 
17600 
17670 
17809 
17880 
17740 
17810 
17670 
17740 
17670 
17390 
17670 
17460 
17531 
17670 
17391 
19486 
20114 
18159 
17601 
17670 
17531 
17600 
17530 
17740 
17809 
17461 
17600 
17531 
17320 
17600 
17810 
17740 
17530 
17670 
17530 
17600 
18229 
18020 
17880 
17740 
17950 
17880 
18229 
18019 
17950 
18020 
17810 
17950 
17879 
17879 
18229 
18089 
18159 
18089 
18159 
18019 
18229 
18019 
17879 
26959 
18298 
18159 
18158 
18159 
18228 
18159 
18089 
18159 
18019 
18089 
18089 
18369 
18229 
18229 
18090 
18717 
18229 
18229 
18228 
18369 
18159 
18228 
18089 
18019 
18229 
18229 
18159 
17879 
17949 
17950 
18090 
17949 
18159 
18089 
18229 
18159 
18159 
18159 
18019 
17879 
17949 
18019 
18020 
17880 
18019 
18229 
18299 
18159 
18228 
18159 
18159 
18019 
18228 
18299 
18229 
17879 
18019 
18159 
18298 
18159 
25283 
18019 
18298 
18089 
18019 
18298 
18020 
18019 
17740 
18159 
18089 
18089 
37924 
18019 
18019 
17740 
18438 
14108 
18228 
18578 
18578 
18578 
18508 
18368 
18439 
18299 
12153 
12152 
18089 
18020 
29682 
18229 
17879 
18089 
17949 
18369 
11943 
12013 
18019 
18159 
18229 
16831 
18159 
17950 
17880 
18019 
18089 
18019 
18089 
18299 
18158 
18299 
18578 
18368 
18229 
18438 
18648 
18298 
18299 
18159 
18299 
18438 
18718 
18439 
18228 
18299 
18578 
18648 
18369 
18578 
18508 
18438 
18368 
18578 
18369 
18439 
18578 
18439 
18578 
18159 
18089 
19137 
18508 
18438 
18439 
18439 
18438 
18508 
18508 
18368 
18438 
18438 
18299 
18368 
18299 
18159 
18438 
18299 
18368 
18298 
18438 
26889 
18368 
18368 
37016 
18438 
18229 
18368 
18369 
18369 
18299 
16343 
18159 
18089 
18229 
18020 
19136 
19137 
19136 
19067 
18578 
18578 
18648 
18578 
18788 
18788 
18508 
18718 
18788 
18578 
18648 
18578 
18787 
18857 
18648 
18718 
18858 
18717 
18578 
18857 
18857 
18788 
18298 
18787 
18717 
18718 
18788 
18718 
18578 
18857 
18578 
18717 
18647 
18788 
19067 
28636 
18717 
18578 
18718 
18997 
18858 
18857 
18787 
18857 
19137 
18857 
18857 
18718 
18927 
19207 
18927 
20114 
18578 
18578 
18718 
19067 
18718 
19067 
18858 
18857 
18788 
18927 
18927 
19067 
18927 
18438 
19067 
18927 
19067 
18997 
18858 
18718 
19067 
19067 
18857 
18928 
24166 
19137 
19136 
18927 
18928 
18857 
18717 
18648 
18508 
18648 
18858 
18578 
18508 
18648 
18577 
18718 
19067 
19067 
18997 
18857 
17949 
19277 
17810 
19137 
19137 
19067 
19067 
19206 
19206 
19416 
19346 
12711 
19416 
12711 
14178 
19207 
19346 
19416 
19765 
18927 
21232 
17670 
19416 
19277 
18997 
17740 
17739 
17111 
23537 
16483 
19975 
18787 
18718 
19346 
19137 
19416 
19137 
19276 
19276 
18927 
19416 
20254 
19206 
19067 
19067 
19067 
19067 
19486 
19067 
19277 
19416 
19207 
18858 
19136 
19066 
19346 
19276 
19137 
19416 
19207 
19137 
48959 
47073 
18997 
19136 
23677 
18857 
19137 
19067 
19137 
19347 
20184 
19346 
19276 
19416 
19276 
19346 
19067 
19137 
19136 
19346 
19067 
19277 
19207 
19277 
19276 
19207 
19136 
19137 
19206 
19067 
19067 
19277 
19276 
19277 
19136 
19066 
19067 
19206 
19207 
19626 
19626 
19485 
19416 
19206 
19416 
19626 
33944 
29614 
19556 
19696 
12990 
19486 
15785 
19626 
19626 
19485 
19625 
19625 
19486 
19486 
19416 
19486 
19556 
19555 
19556 
19276 
19556 
19486 
19346 
19486 
19416 
19556 
19555 
19347 
19416 
19485 
19416 
19137 
19416 
19625 
19486 
21791 
19765 
19485 
19416 
18159 
19486 
19556 
19556 
19626 
19555 
19416 
19347 
19695 
19696 
19766 
19626 
19835 
19626 
19835 
19904 
19696 
19766 
19696 
19626 
19276 
19765 
19486 
19486 
21791 
19416 
19555 
19486 
19276 
19277 
19486 
19765 
19556 
19416 
25911 
19626 
19486 
19765 
19766 
19626 
19556 
19416 
19486 
19346 
19835 
19556 
19277 
19556 
19486 
19346 
28635 
19486 
19486 
19416 
18648 
19974 
18508 
19905 
19765 
19696 
19555 
19975 
20044 
20044 
20045 
19835 
28147 
19766 
19835 
19695 
19975 
19836 
19835 
19905 
19695 
20115 
20114 
19974 
19974 
20324 
19836 
13270 
19835 
19625 
19625 
19765 
19765 
19905 
19835 
19695 
19765 
19695 
20045 
20044 
19835 
19765 
19695 
19975 
20044 
19835 
20114 
19975 
19835 
19835 
19975 
19975 
19905 
20114 
19835 
19836 
19836 
19975 
20115 
19974 
19905 
19905 
19765 
19905 
20044 
20115 
20045 
19905 
20044 
20114 
20184 
19975 
20045 
19766 
19905 
19835 
20184 
20114 
19835 
19975 
19765 
19835 
20045 
20114 
19974 
20743 
19905 
20114 
19975 
20045 
20045 
20185 
20185 
19766 
19835 
19765 
19835 
20114 
19835 
19766 
