1466 
839 
908 
838 
838 
908 
908 
838 
768 
769 
768 
908 
768 
769 
838 
699 
908 
908 
838 
838 
769 
698 
839 
908 
838 
768 
768 
768 
838 
768 
838 
8101 
838 
908 
838 
838 
838 
699 
698 
699 
698 
838 
698 
699 
698 
908 
698 
699 
698 
908 
838 
699 
698 
838 
699 
838 
5937 
839 
699 
698 
838 
698 
698 
699 
629 
698 
698 
699 
838 
699 
698 
838 
699 
768 
629 
838 
699 
698 
699 
838 
698 
698 
698 
698 
5867 
699 
838 
699 
699 
628 
629 
699 
838 
628 
698 
698 
699 
698 
838 
698 
768 
838 
978 
839 
908 
838 
768 
769 
768 
908 
838 
768 
698 
838 
769 
699 
699 
769 
839 
838 
768 
768 
768 
768 
768 
768 
698 
699 
908 
838 
839 
629 
978 
908 
768 
769 
768 
699 
769 
699 
629 
1188 
698 
768 
768 
768 
698 
628 
768 
908 
769 
838 
769 
698 
698 
698 
908 
838 
698 
768 
768 
907 
908 
629 
699 
6077 
838 
839 
768 
768 
839 
839 
768 
699 
698 
838 
768 
768 
768 
768 
699 
768 
908 
977 
768 
908 
769 
838 
768 
698 
769 
838 
769 
699 
698 
699 
698 
629 
838 
698 
908 
838 
699 
978 
1536 
1048 
698 
698 
698 
907 
698 
699 
908 
698 
698 
978 
699 
698 
908 
698 
698 
908 
908 
698 
768 
698 
908 
908 
768 
698 
978 
698 
908 
768 
1118 
698 
698 
977 
698 
699 
698 
908 
698 
699 
698 
698 
978 
699 
698 
908 
698 
698 
698 
628 
6146 
908 
838 
699 
699 
698 
698 
699 
699 
698 
628 
629 
628 
629 
838 
699 
698 
699 
838 
699 
699 
908 
698 
699 
698 
699 
1258 
838 
699 
908 
698 
839 
629 
5797 
699 
768 
769 
768 
768 
699 
768 
698 
698 
698 
838 
838 
698 
838 
768 
699 
768 
908 
838 
978 
628 
769 
768 
908 
908 
838 
768 
838 
768 
978 
907 
908 
838 
838 
978 
768 
838 
629 
908 
838 
769 
908 
699 
768 
908 
838 
769 
838 
699 
768 
978 
908 
908 
838 
908 
769 
908 
769 
768 
768 
908 
768 
698 
5937 
838 
839 
768 
908 
768 
768 
698 
769 
698 
908 
838 
699 
768 
838 
768 
698 
699 
698 
838 
838 
838 
838 
838 
907 
838 
838 
698 
769 
769 
7613 
769 
978 
838 
768 
768 
908 
839 
699 
698 
699 
698 
698 
908 
908 
1117 
838 
768 
838 
768 
699 
699 
699 
978 
768 
908 
908 
768 
698 
698 
699 
907 
908 
768 
629 
699 
699 
908 
768 
699 
839 
699 
838 
908 
768 
699 
838 
768 
698 
698 
838 
629 
629 
769 
978 
838 
769 
769 
699 
978 
908 
978 
838 
768 
768 
838 
628 
699 
838 
628 
768 
698 
838 
908 
698 
768 
628 
698 
698 
907 
908 
908 
698 
768 
1187 
698 
628 
6076 
699 
908 
838 
768 
768 
769 
908 
838 
699 
699 
768 
908 
768 
769 
838 
838 
769 
908 
769 
768 
978 
838 
768 
838 
908 
768 
698 
768 
6076 
908 
769 
768 
768 
768 
768 
838 
699 
768 
769 
978 
908 
768 
908 
1048 
768 
838 
839 
1048 
768 
1118 
1188 
908 
1187 
838 
978 
908 
838 
839 
768 
629 
768 
908 
838 
838 
908 
698 
908 
839 
908 
838 
768 
768 
1257 
769 
628 
629 
908 
977 
698 
769 
908 
768 
768 
698 
699 
838 
699 
908 
769 
699 
628 
698 
698 
699 
699 
838 
908 
698 
699 
838 
768 
698 
838 
698 
6007 
838 
699 
698 
698 
699 
699 
699 
838 
768 
698 
628 
698 
698 
838 
698 
838 
698 
698 
838 
838 
698 
699 
838 
768 
908 
699 
908 
978 
978 
978 
838 
838 
978 
977 
769 
699 
10406 
838 
978 
977 
908 
977 
908 
978 
907 
839 
1048 
908 
838 
838 
768 
699 
769 
978 
838 
978 
838 
698 
769 
977 
838 
768 
838 
978 
978 
838 
978 
838 
838 
838 
769 
768 
698 
768 
768 
908 
839 
908 
768 
698 
838 
7404 
908 
838 
838 
698 
769 
978 
838 
768 
768 
838 
1187 
699 
908 
908 
699 
838 
768 
768 
768 
699 
839 
769 
699 
769 
698 
6216 
699 
698 
908 
839 
908 
838 
698 
628 
768 
768 
839 
838 
839 
838 
1118 
1047 
838 
769 
838 
838 
908 
838 
699 
699 
698 
699 
698 
978 
838 
768 
698 
769 
1047 
908 
838 
699 
699 
1047 
1117 
908 
977 
908 
769 
978 
978 
838 
838 
908 
1188 
1326 
1746 
1258 
768 
769 
699 
1118 
1466 
1746 
2304 
1327 
1187 
1187 
908 
628 
768 
768 
769 
698 
908 
978 
908 
768 
699 
768 
698 
768 
977 
768 
7473 
838 
908 
1187 
768 
629 
699 
698 
908 
838 
838 
838 
838 
838 
908 
908 
768 
769 
1188 
768 
838 
838 
769 
768 
768 
698 
698 
699 
769 
768 
6496 
629 
768 
629 
699 
698 
699 
908 
768 
699 
768 
908 
1188 
978 
978 
978 
977 
978 
908 
978 
978 
768 
838 
838 
769 
699 
769 
768 
768 
908 
908 
1257 
698 
768 
629 
908 
628 
838 
698 
768 
629 
698 
838 
699 
699 
908 
698 
978 
698 
838 
908 
698 
628 
698 
908 
699 
698 
628 
769 
699 
698 
908 
908 
699 
908 
698 
699 
698 
768 
838 
838 
629 
698 
628 
698 
628 
699 
698 
629 
628 
838 
698 
698 
698 
699 
699 
699 
699 
629 
698 
6076 
769 
698 
838 
838 
698 
698 
628 
629 
3562 
698 
698 
1187 
699 
629 
838 
698 
698 
698 
698 
978 
838 
907 
977 
838 
978 
908 
1188 
838 
838 
698 
838 
768 
768 
699 
908 
699 
978 
838 
908 
838 
838 
908 
838 
768 
768 
698 
1188 
1187 
768 
698 
838 
768 
838 
768 
769 
698 
768 
698 
698 
838 
769 
907 
769 
768 
768 
908 
839 
838 
768 
839 
768 
698 
768 
908 
768 
768 
698 
1257 
908 
6147 
838 
698 
838 
768 
699 
768 
768 
838 
838 
908 
768 
768 
699 
768 
908 
908 
908 
838 
838 
698 
838 
838 
768 
769 
699 
908 
768 
908 
1187 
9149 
838 
838 
908 
1327 
629 
628 
699 
1397 
768 
1188 
1118 
1117 
1047 
1048 
978 
1257 
838 
838 
908 
908 
1747 
978 
1257 
838 
838 
908 
839 
1048 
1188 
1118 
8590 
1327 
978 
1187 
838 
838 
699 
698 
838 
698 
769 
698 
838 
768 
698 
1048 
838 
838 
768 
838 
699 
978 
768 
1188 
1188 
1187 
1117 
629 
698 
769 
629 
698 
908 
699 
908 
628 
769 
769 
698 
769 
698 
698 
699 
839 
6076 
839 
908 
699 
698 
768 
768 
768 
698 
838 
1187 
768 
769 
908 
838 
838 
908 
768 
768 
977 
838 
768 
769 
838 
768 
699 
908 
838 
1257 
698 
5867 
768 
768 
698 
629 
1397 
1187 
1118 
1188 
1118 
1117 
1188 
1048 
1257 
1327 
1118 
908 
908 
908 
1257 
1258 
1397 
1397 
1676 
1257 
1607 
1187 
1187 
1466 
1117 
1047 
908 
838 
1048 
1048 
1047 
978 
1816 
1048 
978 
1327 
978 
768 
908 
908 
978 
908 
768 
768 
908 
1117 
1047 
977 
908 
977 
839 
908 
1187 
908 
978 
977 
1047 
978 
699 
698 
768 
699 
908 
698 
698 
699 
768 
699 
699 
769 
768 
698 
908 
838 
978 
908 
838 
6496 
2025 
907 
768 
838 
699 
698 
769 
838 
839 
769 
768 
698 
768 
769 
768 
698 
699 
698 
698 
698 
699 
908 
1187 
978 
1118 
1118 
1537 
1117 
1187 
1048 
1048 
1117 
978 
1117 
1048 
978 
977 
838 
908 
908 
838 
908 
768 
768 
768 
838 
908 
908 
908 
699 
838 
838 
838 
977 
838 
978 
768 
978 
908 
768 
908 
907 
768 
769 
908 
838 
908 
698 
838 
908 
768 
978 
908 
768 
768 
908 
768 
768 
769 
768 
838 
908 
769 
7962 
838 
838 
768 
838 
838 
1117 
838 
908 
838 
908 
908 
768 
768 
699 
768 
699 
698 
699 
699 
699 
629 
908 
838 
769 
699 
908 
838 
838 
838 
838 
769 
769 
768 
6355 
908 
768 
838 
908 
1187 
1117 
1048 
1048 
1047 
978 
978 
1117 
1118 
1047 
1048 
1047 
1955 
1466 
1327 
1187 
1187 
977 
978 
838 
1118 
978 
978 
1117 
908 
1327 
977 
908 
838 
1048 
978 
838 
1048 
1118 
768 
978 
1188 
978 
768 
1187 
907 
977 
978 
978 
838 
699 
1187 
698 
698 
698 
699 
1187 
629 
629 
629 
629 
1118 
768 
699 
699 
698 
978 
838 
699 
768 
698 
838 
839 
1047 
768 
908 
769 
699 
908 
698 
907 
699 
1118 
7822 
768 
698 
908 
629 
768 
908 
769 
908 
699 
768 
768 
768 
838 
838 
768 
768 
769 
838 
769 
768 
769 
977 
1047 
978 
1117 
12502 
1257 
1117 
838 
1118 
1117 
908 
838 
978 
1187 
908 
1746 
1257 
1048 
1118 
978 
908 
908 
908 
1117 
978 
977 
838 
1327 
978 
838 
908 
769 
699 
768 
908 
1117 
698 
768 
838 
769 
699 
629 
1187 
698 
699 
768 
699 
698 
698 
699 
699 
699 
698 
628 
769 
699 
7473 
698 
699 
838 
698 
838 
699 
698 
629 
698 
838 
629 
628 
629 
907 
698 
768 
698 
698 
699 
698 
838 
838 
698 
699 
908 
698 
698 
6216 
699 
699 
838 
838 
908 
908 
769 
908 
838 
769 
908 
838 
769 
768 
699 
1327 
1187 
1606 
1257 
1327 
1187 
1327 
1257 
1327 
1258 
1187 
1188 
1327 
1258 
1187 
1536 
1466 
1117 
1187 
2235 
1466 
1467 
1257 
1188 
1118 
1117 
1118 
1327 
1118 
1257 
1327 
1257 
1257 
1188 
977 
1117 
1257 
1327 
1187 
1397 
1118 
1118 
1048 
1537 
1467 
1187 
1048 
1048 
1816 
838 
1048 
1397 
699 
977 
1188 
908 
839 
908 
698 
768 
768 
1257 
768 
908 
769 
4888 
698 
629 
699 
699 
698 
698 
699 
838 
698 
629 
908 
838 
699 
908 
838 
908 
838 
769 
908 
908 
698 
699 
768 
629 
838 
838 
698 
6286 
699 
978 
769 
698 
1816 
768 
1257 
1327 
1257 
1327 
1397 
1257 
1257 
1327 
1327 
1258 
1188 
1187 
1257 
1187 
1188 
1118 
1048 
1048 
1118 
1117 
838 
1467 
838 
1327 
1606 
1118 
1187 
1257 
978 
1257 
1118 
908 
1188 
1187 
908 
1188 
838 
838 
1257 
978 
978 
838 
838 
768 
978 
839 
908 
769 
908 
908 
768 
908 
769 
699 
839 
769 
768 
769 
698 
838 
698 
838 
768 
1117 
838 
1187 
2445 
838 
768 
6356 
1257 
908 
838 
769 
1327 
1257 
977 
769 
838 
698 
768 
838 
1048 
838 
978 
769 
838 
769 
699 
838 
838 
839 
6426 
768 
769 
838 
768 
1117 
839 
768 
1187 
1606 
1607 
1187 
1187 
1188 
1327 
1188 
1257 
1606 
1816 
1188 
1047 
977 
1187 
1117 
1536 
978 
978 
908 
1467 
1047 
1327 
1187 
907 
908 
978 
1048 
1117 
1467 
1886 
978 
1537 
1746 
1606 
1327 
908 
1746 
1257 
1048 
977 
1187 
1537 
1956 
1816 
1397 
1257 
1118 
698 
768 
699 
1048 
628 
768 
978 
978 
839 
838 
1048 
1048 
908 
698 
1187 
699 
699 
628 
7543 
908 
838 
908 
908 
908 
908 
908 
978 
838 
768 
838 
768 
768 
838 
768 
699 
698 
768 
1047 
838 
768 
908 
839 
839 
838 
768 
768 
768 
629 
698 
698 
838 
5377 
1467 
1537 
1466 
1396 
1397 
1327 
1257 
1257 
1117 
1047 
1187 
1327 
1187 
1327 
1118 
1396 
1467 
1397 
1397 
1188 
1327 
1257 
1257 
1187 
1257 
1257 
1327 
1327 
1257 
1537 
1467 
1047 
1676 
1327 
908 
1117 
978 
1327 
1187 
768 
1048 
838 
838 
768 
908 
839 
838 
1188 
699 
1117 
1257 
1048 
558 
768 
977 
838 
559 
629 
628 
698 
629 
629 
558 
978 
1187 
698 
1118 
698 
768 
698 
698 
698 
768 
768 
768 
558 
908 
769 
1117 
558 
629 
2654 
768 
1047 
2235 
558 
698 
1118 
1257 
1118 
699 
1118 
698 
978 
698 
699 
1048 
908 
1048 
838 
1746 
1188 
1886 
1746 
2095 
1397 
1676 
2095 
2235 
1327 
1118 
2026 
2235 
2304 
1746 
2654 
1886 
1118 
838 
1396 
1816 
1606 
1536 
1607 
1327 
1327 
1536 
1327 
1536 
1327 
1537 
1048 
1047 
1327 
1117 
1117 
1606 
1048 
908 
1117 
1118 
1048 
2515 
1187 
1327 
1467 
1048 
1047 
2235 
1048 
1327 
1397 
1047 
1048 
908 
838 
839 
838 
839 
1327 
838 
978 
1257 
628 
768 
1048 
5797 
1258 
1257 
1327 
978 
1048 
908 
1187 
1048 
768 
698 
908 
838 
698 
768 
838 
699 
839 
699 
698 
698 
629 
629 
1118 
4190 
768 
699 
1117 
838 
1327 
838 
908 
698 
628 
1537 
1537 
1537 
1606 
1467 
1676 
1466 
1536 
1537 
1606 
1466 
1327 
1397 
1257 
1467 
1397 
1397 
1327 
1747 
1257 
1188 
1187 
1327 
1816 
1676 
1886 
1466 
2235 
1606 
1047 
1118 
1327 
2305 
1677 
1047 
838 
838 
768 
978 
1746 
1117 
768 
908 
1466 
1048 
1117 
1188 
1397 
698 
1397 
978 
1327 
1467 
1187 
1118 
1117 
768 
1048 
978 
629 
838 
698 
769 
768 
769 
698 
768 
699 
698 
629 
698 
698 
769 
698 
558 
4121 
1257 
1467 
1187 
2235 
698 
1677 
629 
1118 
698 
1117 
838 
1118 
1048 
1327 
699 
1257 
978 
629 
908 
629 
559 
629 
559 
768 
1606 
1816 
1257 
2165 
2375 
1676 
1188 
1118 
1048 
1746 
1048 
908 
2025 
1257 
1816 
2025 
1746 
1886 
2025 
2235 
1885 
2374 
1816 
1327 
1677 
1048 
1187 
1117 
1257 
978 
978 
1048 
1047 
1536 
1467 
1467 
1397 
1187 
908 
1117 
2375 
1327 
769 
3912 
1118 
908 
1257 
1048 
768 
838 
769 
1676 
1117 
1257 
1466 
1047 
908 
1187 
838 
699 
699 
629 
768 
978 
629 
628 
699 
629 
629 
628 
628 
838 
908 
838 
1048 
1117 
978 
1188 
3212 
978 
977 
769 
1117 
628 
698 
699 
908 
629 
1047 
698 
1048 
628 
559 
559 
629 
629 
768 
698 
698 
629 
1397 
1606 
1397 
1536 
1746 
1536 
1607 
1885 
1536 
1397 
1467 
2374 
2026 
2165 
1118 
1816 
1816 
1746 
1746 
2026 
1886 
977 
908 
908 
1606 
1117 
1956 
1537 
1397 
1607 
1397 
1047 
908 
908 
1187 
1047 
1048 
978 
1257 
2096 
1606 
1606 
1118 
1047 
1118 
908 
977 
1187 
978 
4680 
839 
1676 
698 
698 
978 
838 
559 
628 
698 
838 
1117 
699 
1117 
628 
1117 
978 
628 
838 
908 
769 
629 
1118 
628 
629 
1047 
559 
629 
769 
2165 
3842 
769 
628 
629 
559 
698 
1257 
559 
558 
559 
628 
559 
698 
698 
768 
698 
2165 
699 
698 
1117 
1047 
2165 
2165 
1746 
2585 
2095 
2514 
1606 
2095 
1676 
1466 
1536 
1955 
1536 
1956 
1327 
1188 
1466 
1187 
1677 
1117 
1537 
1536 
1048 
1607 
1537 
2793 
1536 
1537 
1466 
1885 
1606 
1397 
1467 
1327 
1606 
2235 
1816 
1746 
1048 
977 
1467 
1048 
2165 
1257 
978 
1188 
978 
1257 
978 
1258 
908 
768 
1187 
838 
768 
838 
908 
1606 
3073 
839 
768 
1188 
1117 
1327 
1117 
838 
769 
1117 
1187 
1048 
978 
977 
978 
1048 
1117 
1047 
1048 
838 
1187 
1118 
908 
1048 
5937 
1048 
978 
978 
1048 
978 
978 
1327 
908 
978 
907 
838 
908 
908 
1187 
908 
1048 
1047 
1536 
1746 
1676 
1676 
1676 
1676 
1467 
1607 
1676 
1676 
1676 
1746 
1606 
1607 
1536 
1607 
1676 
1606 
1396 
1466 
1467 
1397 
1327 
1397 
1467 
1397 
1327 
1327 
1117 
1327 
1327 
1257 
1187 
1187 
1257 
1257 
1118 
1257 
1327 
1327 
1816 
1257 
1257 
1188 
1188 
1187 
1188 
1257 
1327 
1187 
1117 
1187 
1118 
838 
908 
1118 
1187 
1187 
2165 
1188 
1327 
7263 
1188 
1467 
1536 
1048 
1048 
838 
1048 
1257 
1048 
1048 
1048 
1117 
1048 
908 
1047 
978 
1257 
977 
908 
977 
1187 
978 
908 
977 
768 
698 
908 
838 
6216 
978 
1047 
698 
699 
698 
628 
768 
768 
768 
1886 
1816 
1885 
1886 
1886 
1746 
1816 
1607 
1536 
1536 
1536 
1816 
1746 
1746 
1606 
1816 
1816 
1746 
1746 
1676 
1746 
1606 
1606 
1536 
1606 
1327 
1257 
1327 
1117 
1397 
1258 
1188 
1327 
1187 
1188 
1117 
1327 
1187 
978 
1048 
1048 
1048 
1257 
1118 
1048 
1676 
1257 
1257 
1258 
1187 
908 
1048 
1258 
1466 
1117 
1188 
838 
908 
978 
977 
978 
1047 
1118 
977 
1187 
908 
838 
838 
6426 
838 
698 
838 
908 
768 
768 
698 
768 
977 
699 
838 
1047 
908 
838 
1327 
908 
838 
698 
768 
978 
978 
838 
838 
769 
699 
5937 
838 
978 
908 
908 
768 
1956 
1816 
1886 
1816 
2025 
1816 
1746 
1816 
1746 
1886 
1746 
1676 
1676 
1886 
1815 
1885 
1886 
1886 
1886 
1677 
1677 
1677 
1466 
1677 
1816 
1606 
1746 
1536 
1746 
1676 
1746 
1677 
1467 
1607 
1607 
1606 
1746 
1467 
1606 
1606 
1606 
1397 
1886 
1677 
2165 
2305 
2444 
2654 
3143 
2235 
2096 
1257 
978 
2934 
1467 
838 
1327 
908 
1257 
768 
768 
1118 
1537 
1397 
838 
1188 
1118 
6425 
978 
1047 
1258 
1257 
978 
1118 
1607 
1816 
1048 
1047 
1118 
1118 
1607 
838 
978 
977 
838 
908 
1327 
1327 
1397 
978 
978 
978 
908 
1117 
1117 
768 
908 
1048 
908 
13200 
1257 
1257 
1187 
1187 
1327 
1327 
1257 
1257 
1466 
1467 
1607 
1537 
1536 
1467 
1397 
1537 
1536 
1537 
1467 
1677 
1537 
1258 
1467 
1187 
1327 
1885 
1397 
1327 
1536 
1396 
1396 
1327 
1327 
1257 
1118 
1257 
1047 
1117 
1048 
1257 
1257 
1187 
908 
1048 
838 
978 
1117 
1117 
1048 
1048 
908 
908 
978 
768 
838 
768 
908 
908 
978 
838 
908 
5937 
1187 
698 
768 
628 
838 
768 
1048 
1118 
838 
629 
629 
628 
629 
559 
629 
628 
768 
559 
838 
908 
698 
768 
1257 
699 
629 
629 
628 
628 
768 
4749 
769 
769 
628 
768 
629 
629 
628 
559 
2445 
1607 
1397 
1466 
2165 
2025 
2026 
2095 
3212 
978 
907 
1117 
908 
908 
978 
978 
1187 
1118 
1048 
1048 
1048 
1048 
1048 
1117 
1047 
1118 
1048 
978 
1048 
1047 
977 
1047 
1187 
1187 
1188 
1257 
1187 
1187 
1187 
1118 
1746 
1187 
978 
908 
1327 
1118 
1187 
839 
978 
1397 
1048 
1467 
1187 
1048 
2165 
629 
1117 
839 
629 
1257 
699 
629 
908 
768 
629 
2863 
1117 
628 
628 
698 
698 
629 
629 
768 
1048 
838 
629 
768 
838 
769 
768 
628 
628 
838 
768 
768 
1118 
768 
1117 
908 
769 
1257 
908 
1117 
838 
1118 
1257 
1117 
768 
6705 
1117 
1676 
1746 
2095 
2933 
1327 
2374 
1258 
1327 
2165 
2445 
2933 
1676 
2584 
2025 
1188 
2025 
1257 
1746 
1326 
1466 
1677 
2096 
1676 
1257 
1886 
1397 
1397 
1606 
1117 
1117 
1396 
1048 
1187 
1187 
1327 
768 
1048 
908 
768 
1467 
978 
1188 
1257 
1187 
1188 
1257 
1816 
769 
908 
768 
1187 
768 
768 
838 
1047 
1048 
838 
1047 
908 
978 
978 
908 
978 
1118 
769 
768 
768 
698 
907 
908 
908 
908 
1047 
1118 
839 
908 
1188 
978 
3143 
768 
769 
1187 
768 
978 
769 
838 
698 
1188 
1397 
1117 
1258 
978 
1187 
1117 
1048 
838 
908 
838 
908 
2165 
2305 
2235 
2165 
2305 
2095 
2584 
2794 
2794 
1676 
1327 
1397 
1746 
1327 
1118 
2445 
1258 
1397 
1467 
1327 
1397 
1607 
1886 
1746 
1536 
1467 
1467 
1606 
1466 
1607 
1327 
2165 
2305 
2235 
1327 
838 
838 
1118 
1047 
1188 
1257 
1536 
1607 
1117 
1187 
1117 
1466 
1397 
1118 
1885 
1327 
1117 
1327 
1047 
978 
1048 
977 
908 
908 
978 
978 
838 
839 
1187 
1048 
838 
768 
838 
908 
1118 
1187 
6425 
1257 
1397 
628 
1048 
3283 
629 
1048 
559 
1047 
629 
698 
699 
559 
559 
628 
629 
628 
629 
1118 
908 
559 
558 
699 
628 
629 
838 
629 
698 
3422 
2096 
1816 
1885 
3143 
1955 
2375 
1816 
2794 
2793 
2654 
1816 
2305 
2235 
2723 
1327 
1746 
1606 
1886 
1606 
1188 
2165 
2096 
1676 
2026 
2375 
2235 
1606 
2165 
2025 
1327 
1258 
1466 
1956 
1606 
1257 
1606 
1327 
1188 
1327 
2305 
1886 
1816 
1117 
1187 
1746 
1955 
1047 
1048 
1117 
1467 
1327 
908 
977 
908 
6775 
1048 
838 
908 
1048 
768 
978 
1118 
977 
698 
699 
698 
698 
1886 
1048 
768 
978 
908 
978 
978 
1117 
1048 
1117 
908 
908 
908 
978 
1327 
5727 
1467 
1257 
1257 
838 
838 
559 
629 
768 
628 
628 
629 
698 
1047 
838 
698 
698 
2724 
2654 
2793 
2095 
2025 
3562 
3771 
2723 
1816 
1676 
1955 
1956 
1815 
1816 
1746 
2095 
1886 
1816 
1048 
1118 
1187 
1816 
1606 
1397 
2444 
1677 
1257 
1606 
1396 
907 
978 
839 
1188 
1537 
1327 
1327 
1118 
1188 
1537 
1187 
1327 
1257 
1257 
1257 
1188 
1188 
1048 
1257 
977 
1257 
1048 
1117 
6007 
1118 
1187 
1188 
1187 
1048 
1048 
1047 
1047 
1117 
1048 
978 
1047 
1257 
1118 
977 
978 
977 
1188 
1118 
1187 
1607 
1187 
1746 
1118 
1187 
1118 
1118 
1676 
1047 
1117 
1257 
1047 
1048 
1048 
8311 
978 
1048 
1047 
838 
1327 
1467 
1048 
1117 
1118 
1118 
1047 
1257 
2165 
2165 
2654 
2235 
2165 
2165 
2165 
1467 
1396 
2304 
2445 
1397 
1536 
2025 
1327 
1815 
1397 
1257 
1327 
1257 
1327 
1257 
1327 
1258 
1258 
1257 
1187 
1676 
1257 
1537 
1536 
1676 
1188 
1467 
1117 
1327 
1187 
1118 
1606 
1676 
1118 
1606 
1397 
2165 
2165 
2095 
1327 
1048 
1677 
1188 
1118 
1048 
1048 
1537 
1327 
1536 
2165 
1397 
977 
1746 
1257 
1816 
1397 
1815 
2165 
1746 
1257 
1257 
8032 
1327 
2026 
1606 
1257 
1956 
1677 
1257 
838 
1327 
1397 
1816 
1397 
1327 
1537 
1188 
978 
908 
628 
907 
838 
698 
838 
629 
1117 
1048 
769 
1117 
1117 
1467 
1676 
3493 
2025 
3562 
4261 
1816 
4261 
3981 
3073 
3004 
3422 
3073 
2375 
2654 
2654 
1886 
2584 
2864 
2654 
3702 
2445 
2235 
3142 
1676 
2514 
1746 
2584 
2863 
1397 
1327 
2305 
1117 
2305 
1677 
1118 
1327 
2514 
1327 
2166 
2165 
2095 
2165 
2096 
1117 
1118 
1117 
1676 
1118 
1397 
1816 
2165 
1117 
1606 
1677 
1397 
1885 
1327 
1467 
2026 
1955 
1816 
2444 
1816 
2374 
2305 
2234 
1327 
1677 
1327 
4469 
1467 
2025 
1676 
1956 
1466 
1886 
2026 
908 
769 
1118 
1886 
2026 
2654 
2305 
1536 
2026 
1257 
1536 
1536 
1467 
978 
1606 
908 
2165 
1746 
1606 
3772 
2304 
1537 
1606 
1118 
978 
1955 
2026 
2514 
2515 
1746 
1536 
3143 
2654 
3073 
2794 
4120 
2654 
1676 
1536 
2374 
2724 
3283 
1746 
1816 
1746 
1816 
1397 
977 
1117 
1537 
1047 
1955 
1816 
1467 
2584 
1466 
2514 
2165 
978 
1187 
1676 
1117 
1048 
1118 
978 
977 
1676 
1257 
978 
977 
2095 
1187 
1118 
1955 
1257 
1676 
1677 
2096 
1677 
1955 
1327 
1537 
1606 
1607 
1397 
1746 
978 
1327 
1955 
978 
1467 
1258 
908 
1537 
768 
1397 
1606 
1536 
1048 
4819 
1187 
1257 
1676 
1467 
1467 
1537 
1537 
2095 
2374 
1956 
1467 
1606 
1117 
1677 
1397 
1606 
1188 
1536 
1188 
1536 
768 
908 
839 
1327 
1536 
2025 
1955 
2026 
1956 
2025 
1955 
2025 
1886 
2096 
2305 
1955 
1816 
1886 
2096 
1886 
11315 
2305 
1816 
1816 
1816 
2235 
3003 
1606 
1606 
1397 
1327 
2026 
1676 
1676 
1257 
1466 
2305 
1466 
1886 
1676 
1467 
1467 
1327 
1676 
2165 
2025 
1397 
1048 
1117 
1466 
1327 
1816 
977 
977 
908 
908 
1118 
908 
908 
839 
908 
838 
908 
838 
4819 
698 
908 
698 
628 
628 
1118 
629 
559 
629 
908 
908 
698 
908 
698 
629 
629 
978 
628 
699 
769 
768 
768 
768 
698 
628 
698 
629 
629 
4959 
698 
628 
628 
698 
838 
769 
908 
838 
1118 
838 
768 
2095 
1816 
1746 
1955 
1955 
2095 
2025 
1956 
1816 
1956 
1816 
1885 
1816 
2095 
2025 
1886 
1955 
1886 
2235 
1956 
1746 
1816 
1606 
1677 
1607 
1606 
1746 
2514 
1537 
1746 
1677 
1467 
1536 
1396 
1607 
1397 
1327 
1327 
1397 
1327 
1746 
1676 
1397 
10616 
1606 
1466 
1257 
1397 
1257 
1257 
1257 
1467 
1606 
1118 
1048 
1118 
1117 
1956 
1816 
1188 
1118 
6006 
1118 
1048 
1047 
1187 
977 
1257 
1047 
1047 
908 
977 
908 
1187 
1117 
908 
1118 
1047 
1048 
978 
908 
978 
908 
1118 
1188 
1467 
1118 
977 
5797 
1118 
1047 
1047 
978 
1676 
1746 
1397 
1188 
1118 
1047 
1047 
2026 
2235 
1956 
3143 
2584 
2863 
2794 
2933 
2654 
2444 
2165 
2375 
2305 
2305 
1886 
1886 
1606 
2235 
1746 
1467 
1815 
1606 
1746 
1397 
1187 
1257 
1537 
1327 
1676 
1397 
1327 
1676 
1956 
1886 
3073 
3213 
3003 
2723 
3003 
3282 
2305 
2165 
1886 
1746 
1467 
1816 
2095 
1606 
1886 
1816 
1397 
1746 
1886 
908 
908 
907 
977 
1118 
1048 
1047 
908 
1327 
1467 
1187 
1257 
1257 
1118 
908 
1397 
1327 
1048 
1257 
978 
7823 
1327 
1257 
1676 
1676 
1257 
1117 
1048 
1187 
1048 
1607 
2096 
1188 
1188 
1257 
1257 
1886 
1327 
1816 
2304 
1886 
2374 
1466 
1327 
1327 
6006 
1886 
1956 
1676 
2165 
1746 
2584 
1955 
2305 
3213 
3911 
3143 
2305 
1676 
1886 
2095 
1746 
1956 
2585 
3422 
2444 
2863 
1396 
1257 
1467 
1815 
2654 
2933 
2375 
2654 
1676 
1746 
1187 
1048 
1466 
2166 
1956 
1956 
1327 
2026 
1606 
1606 
1955 
1397 
2095 
1956 
1537 
1536 
1466 
978 
1746 
1746 
1257 
1466 
1048 
978 
1676 
2095 
1676 
1956 
1676 
1397 
2095 
1397 
1607 
1676 
1327 
1606 
1117 
1396 
1467 
1327 
1397 
1536 
908 
698 
698 
628 
698 
628 
1048 
838 
768 
1187 
839 
6426 
838 
838 
628 
907 
838 
768 
1467 
839 
838 
908 
1536 
977 
1258 
1257 
1536 
629 
1257 
1258 
1188 
1327 
1187 
1257 
1258 
1257 
1467 
1676 
1746 
2235 
2584 
1257 
1886 
1187 
1188 
1187 
2444 
1815 
1327 
1257 
1118 
2165 
978 
1537 
1677 
2165 
3003 
3353 
1886 
1956 
2095 
1677 
1676 
1676 
2025 
978 
1048 
838 
838 
838 
1257 
1327 
1397 
1187 
1397 
838 
1187 
908 
768 
978 
838 
838 
978 
1187 
978 
4400 
977 
1257 
978 
1187 
978 
1117 
1397 
1467 
908 
908 
908 
908 
908 
1048 
978 
769 
908 
768 
908 
769 
1327 
769 
838 
1396 
1047 
838 
2026 
1327 
839 
838 
3492 
768 
1257 
1117 
1048 
1117 
1048 
977 
1047 
1047 
1117 
1117 
2235 
2444 
3422 
2654 
9638 
2724 
2584 
2096 
2095 
2165 
2025 
2096 
2095 
1886 
1886 
2864 
2584 
3981 
4051 
3422 
2864 
3632 
3841 
2933 
3632 
3003 
3353 
3353 
2304 
2096 
3701 
3004 
2515 
1956 
1536 
2095 
1955 
1885 
2305 
2305 
2095 
2305 
1397 
1467 
1118 
977 
908 
628 
838 
768 
699 
699 
698 
698 
1118 
698 
698 
699 
6984 
699 
698 
769 
699 
768 
699 
1117 
978 
1537 
5658 
699 
629 
698 
629 
629 
838 
1187 
698 
699 
768 
698 
628 
628 
769 
699 
698 
699 
628 
558 
628 
559 
1048 
698 
698 
559 
558 
1606 
559 
559 
628 
2933 
2096 
3282 
2096 
2724 
3701 
3282 
3772 
4539 
3701 
2375 
3981 
3771 
2375 
2305 
2724 
3003 
2235 
3352 
2724 
3772 
3213 
2654 
2724 
2025 
1956 
2235 
2096 
2235 
3352 
3073 
2025 
3073 
2025 
2445 
2165 
2375 
1746 
2025 
1816 
1816 
1746 
1606 
1537 
2026 
1886 
1815 
2235 
2095 
8451 
1397 
1537 
1327 
1607 
1467 
1676 
1466 
1397 
1117 
1257 
1327 
1746 
1187 
1257 
1467 
2165 
1676 
2026 
1188 
1117 
7124 
1327 
1188 
1397 
1327 
1117 
1118 
1257 
1187 
1327 
1746 
1187 
1117 
1187 
1327 
1118 
1117 
1047 
838 
1118 
1117 
1118 
1117 
1118 
1257 
978 
1048 
1048 
838 
699 
5518 
4191 
3143 
3492 
3492 
3143 
1676 
1816 
1327 
1117 
2096 
3143 
2165 
3003 
1187 
1746 
1117 
1117 
1327 
1187 
1258 
1886 
2445 
2096 
1886 
3073 
2864 
3143 
2584 
2514 
1118 
1048 
1188 
977 
1048 
1048 
1117 
1118 
908 
908 
838 
908 
768 
838 
908 
838 
838 
768 
838 
838 
838 
1187 
1257 
1257 
1117 
1117 
977 
1048 
1047 
978 
768 
908 
838 
908 
769 
978 
908 
2305 
978 
908 
1048 
1048 
1117 
1187 
1188 
1187 
1048 
1118 
1047 
1327 
1048 
1048 
1746 
7823 
1816 
2444 
2025 
1746 
1397 
1048 
977 
1118 
1327 
908 
699 
978 
1187 
1187 
838 
698 
978 
1816 
1746 
1746 
1606 
2235 
1886 
2025 
1956 
2025 
2025 
1956 
1956 
1886 
2026 
1886 
2235 
4051 
3073 
5937 
3282 
3492 
3352 
3492 
2375 
2654 
2445 
2863 
2305 
2444 
3143 
2374 
1746 
1676 
1467 
1467 
1536 
1118 
1746 
2026 
1606 
1886 
1187 
1118 
1257 
1187 
1257 
1188 
1118 
1187 
1117 
1397 
1117 
1746 
2375 
2305 
1816 
1816 
2793 
1955 
1816 
1048 
1677 
3632 
978 
1048 
908 
1118 
1327 
1117 
1117 
1047 
1327 
978 
978 
1048 
1187 
1048 
978 
1048 
908 
1118 
908 
908 
908 
908 
978 
908 
1048 
1397 
1187 
908 
768 
3213 
1118 
628 
908 
768 
908 
908 
839 
2095 
1955 
1747 
1746 
1746 
2165 
2026 
1886 
1885 
1746 
2235 
2933 
2794 
2724 
3282 
3981 
3702 
4051 
3423 
3352 
3352 
3352 
4470 
3841 
3282 
3422 
2724 
3213 
3003 
2584 
2026 
1467 
1467 
1886 
2654 
2025 
1816 
1118 
1327 
1466 
1048 
908 
908 
838 
838 
838 
838 
908 
977 
1047 
1187 
838 
978 
977 
838 
908 
1536 
1187 
1118 
1187 
1327 
908 
1117 
768 
978 
1117 
1257 
1606 
1257 
1606 
978 
1048 
4469 
908 
1676 
699 
1047 
1117 
839 
699 
1327 
699 
698 
698 
629 
698 
978 
699 
628 
629 
698 
629 
629 
629 
559 
628 
628 
698 
699 
629 
3422 
2654 
3353 
2305 
3212 
2514 
1676 
3073 
2653 
2515 
2584 
2863 
2444 
2515 
1606 
1537 
1816 
1536 
1466 
1397 
2025 
1187 
1257 
1187 
1258 
1955 
1327 
1886 
1956 
1187 
1118 
2026 
1397 
1397 
2235 
2165 
1606 
2794 
1466 
1187 
1396 
1327 
908 
1048 
978 
1117 
4958 
1327 
1188 
1048 
1536 
1327 
1397 
1955 
1257 
1187 
1327 
1816 
1676 
2235 
2235 
1466 
978 
768 
768 
768 
838 
838 
1048 
908 
978 
908 
978 
978 
978 
978 
6984 
1117 
1048 
1537 
1118 
1048 
1466 
1885 
1396 
1816 
1047 
1117 
908 
1048 
1118 
1606 
1536 
1397 
1537 
1047 
1048 
908 
1048 
1746 
2096 
2654 
2794 
3073 
2305 
2375 
3003 
1397 
4959 
1187 
1258 
1466 
1397 
2304 
1607 
1746 
1816 
1677 
1815 
1816 
1956 
1816 
1816 
1746 
1676 
1816 
1746 
1676 
1537 
1536 
1257 
1327 
1327 
1466 
1258 
1257 
1467 
1397 
1327 
1466 
1187 
1397 
2584 
2515 
2793 
1467 
1606 
1676 
1048 
1048 
1187 
978 
908 
977 
838 
698 
698 
698 
698 
559 
628 
559 
699 
699 
3492 
768 
769 
978 
978 
908 
1118 
7054 
1188 
1047 
838 
699 
838 
769 
768 
768 
768 
768 
768 
699 
699 
698 
629 
628 
698 
629 
629 
839 
629 
698 
698 
698 
769 
698 
629 
4749 
2514 
1885 
1676 
1327 
1397 
1257 
1187 
1187 
2026 
1747 
2025 
1746 
1467 
1816 
2025 
1886 
1886 
1746 
2235 
2095 
2305 
2305 
2166 
1746 
1816 
2096 
1746 
1048 
1048 
1606 
1606 
1676 
1118 
1676 
1607 
978 
1327 
1397 
1466 
1118 
908 
1466 
1397 
1466 
1048 
1327 
1257 
1676 
1327 
1327 
1257 
978 
1327 
908 
908 
1467 
1117 
1118 
1188 
1187 
908 
1257 
1118 
1048 
908 
1188 
1187 
1118 
838 
1048 
838 
698 
699 
7822 
769 
768 
838 
698 
698 
699 
768 
699 
768 
698 
698 
908 
768 
698 
698 
908 
698 
978 
769 
698 
838 
698 
698 
698 
838 
698 
2794 
2794 
2654 
2933 
2514 
2514 
2724 
2584 
2654 
2584 
2584 
3492 
2444 
1537 
2025 
1955 
2584 
2165 
2095 
2235 
2165 
2165 
2235 
1956 
1955 
2095 
1956 
1956 
2025 
1956 
1886 
1886 
1816 
1676 
1746 
1746 
1676 
1956 
1816 
1885 
2095 
1816 
1885 
1816 
1746 
1816 
2025 
1886 
1676 
1606 
2724 
1816 
1536 
2514 
1746 
1466 
1397 
6286 
1467 
1257 
1536 
1397 
1188 
1187 
978 
1118 
1048 
1118 
1257 
1048 
1187 
1187 
978 
1047 
978 
1048 
978 
1257 
1117 
838 
1047 
838 
908 
1187 
1537 
1188 
1188 
1187 
1257 
978 
1187 
1187 
6216 
978 
978 
1117 
1118 
1118 
1606 
1676 
3003 
2863 
2864 
2864 
2864 
2864 
2863 
2654 
2793 
2793 
2724 
2584 
3422 
2444 
2584 
2514 
2305 
2444 
2304 
2235 
2374 
2305 
2165 
2305 
2304 
2305 
2165 
2235 
2305 
2165 
2095 
2096 
2025 
2235 
1885 
1816 
1886 
1816 
1676 
1747 
1607 
2166 
1677 
1536 
1537 
1886 
1676 
1886 
1746 
1885 
1746 
1676 
1467 
1816 
1606 
1816 
1607 
1466 
1396 
1257 
1397 
1467 
1257 
1955 
2235 
1467 
1886 
1118 
4609 
1397 
1467 
1397 
1187 
1257 
1118 
1397 
1397 
1397 
1397 
1327 
1327 
1118 
1047 
1118 
1467 
1327 
1258 
1327 
1327 
1188 
1187 
1187 
1257 
1257 
1257 
1258 
978 
908 
8172 
1257 
3143 
2864 
3073 
2864 
3143 
2934 
2794 
2794 
2793 
2794 
2585 
2585 
2445 
2165 
2165 
2584 
2445 
2305 
2095 
2375 
2235 
2095 
2374 
2235 
2235 
2305 
2234 
2304 
2305 
2304 
2025 
1746 
1955 
1886 
1816 
2235 
2025 
1816 
2025 
1676 
1676 
1816 
1466 
1537 
1466 
1397 
1676 
1607 
1606 
1606 
1397 
1327 
1676 
1467 
1327 
1537 
1467 
1467 
1187 
1327 
1397 
1187 
1746 
1257 
1117 
1257 
1188 
1676 
1118 
1118 
1118 
1048 
977 
1048 
1187 
1118 
1466 
908 
838 
1187 
1187 
7613 
908 
838 
1118 
1118 
1048 
1047 
908 
978 
978 
908 
1187 
1048 
977 
1048 
908 
768 
978 
978 
2794 
3282 
3212 
3283 
3492 
2514 
2864 
2514 
2514 
2374 
2096 
3353 
3143 
3213 
2304 
2304 
2374 
2095 
1955 
1886 
2235 
2235 
1955 
2305 
2304 
2165 
1886 
2026 
2025 
2444 
2584 
3073 
2026 
1815 
2026 
2026 
1606 
1606 
1537 
1677 
2585 
2374 
1676 
1676 
1606 
1467 
1397 
1606 
1606 
1466 
1187 
1118 
1187 
1257 
1117 
1257 
1327 
1048 
1047 
1118 
908 
5936 
908 
908 
1048 
908 
1257 
908 
978 
978 
908 
1048 
1187 
1187 
1258 
908 
978 
978 
1047 
1117 
1257 
1257 
1187 
1118 
1188 
1327 
1257 
1327 
1257 
1187 
6146 
1048 
1187 
978 
1467 
908 
698 
698 
978 
769 
3073 
3213 
2933 
3073 
2654 
2585 
2933 
2654 
2723 
2445 
2584 
2584 
2445 
2444 
2934 
2584 
3283 
3283 
2095 
2026 
3073 
2793 
1816 
1607 
1746 
1746 
1606 
2234 
2444 
3772 
4191 
2095 
3143 
3422 
1955 
2654 
2025 
1607 
2235 
2235 
2514 
2235 
1606 
2444 
1537 
1676 
1537 
1746 
1816 
1257 
1886 
2374 
2515 
1536 
1885 
2375 
1886 
1396 
1676 
1397 
1257 
1257 
2095 
1188 
1187 
1467 
1327 
1258 
3771 
1606 
1816 
1816 
1327 
1327 
1746 
1187 
1327 
2026 
1886 
1187 
1606 
908 
1048 
1466 
1188 
1257 
908 
1048 
1257 
1747 
2026 
1956 
1327 
1118 
1118 
4679 
1676 
1117 
1537 
978 
2654 
2794 
2584 
2793 
2793 
2863 
19486 
3283 
2794 
2514 
2724 
1467 
2445 
1816 
2445 
2584 
2584 
2305 
1537 
1466 
1536 
1537 
1467 
1955 
1607 
1607 
1536 
1746 
1467 
2095 
1397 
1955 
1467 
1677 
1886 
1885 
2235 
1746 
1746 
2724 
1956 
1606 
1886 
1676 
1606 
1327 
1956 
1606 
1677 
2166 
3143 
2374 
1607 
2095 
2584 
1676 
1816 
1397 
3143 
1747 
2096 
2165 
3073 
1606 
1258 
2235 
2096 
1956 
1257 
3631 
2165 
1607 
1257 
2863 
1676 
1187 
1955 
2025 
1396 
1117 
2514 
1257 
3562 
1327 
2095 
908 
908 
1467 
2165 
978 
838 
2096 
1885 
978 
978 
978 
1327 
1117 
1048 
2165 
3213 
3213 
3213 
3143 
3074 
3143 
3073 
3073 
3073 
2863 
2724 
2724 
3283 
3073 
5308 
2515 
2305 
2374 
3282 
2445 
2374 
2444 
2584 
2305 
2235 
2305 
2305 
2166 
2235 
2165 
2305 
2025 
2305 
2235 
2025 
2025 
2025 
1955 
2165 
2165 
1956 
1956 
1746 
2026 
2026 
1816 
1885 
1746 
1886 
1816 
1607 
1746 
2025 
1746 
1606 
1607 
1327 
1607 
1606 
1677 
1536 
1606 
1397 
8242 
1536 
1607 
1746 
1397 
1537 
1396 
1397 
1258 
1188 
1607 
1606 
1397 
1537 
1257 
1188 
1466 
1117 
978 
978 
978 
908 
1117 
1188 
1187 
1257 
1117 
1187 
1187 
1118 
1117 
1117 
1118 
978 
1118 
1117 
838 
3213 
3143 
2933 
2933 
2864 
2794 
2864 
2515 
2584 
2794 
2515 
2584 
2584 
2514 
2723 
2445 
2514 
2584 
2514 
2444 
2375 
2374 
2444 
2654 
2374 
2444 
2375 
2374 
2584 
2235 
2305 
2235 
2445 
2235 
2095 
2445 
2514 
7543 
2165 
1885 
2095 
1955 
1816 
2026 
1816 
2304 
2375 
1746 
1257 
1606 
1606 
1746 
1676 
1816 
1746 
1676 
2025 
1676 
1467 
1816 
1537 
1466 
1467 
1537 
1537 
1537 
1537 
1607 
1746 
1606 
1606 
1537 
7333 
1746 
1676 
1327 
1397 
1327 
1327 
1536 
1257 
1257 
1187 
2025 
1327 
1327 
1187 
1327 
908 
1327 
768 
1187 
908 
978 
839 
908 
908 
838 
908 
908 
3142 
3073 
3073 
3143 
3073 
3003 
2724 
3422 
2585 
2933 
3213 
2794 
2794 
2654 
2584 
2305 
2305 
2654 
2514 
2585 
2235 
2304 
2445 
2165 
2165 
2095 
2025 
1955 
2026 
1886 
1257 
1257 
1676 
1676 
1746 
1606 
1607 
1677 
1676 
1536 
1606 
1676 
1606 
1536 
1537 
1397 
1606 
1466 
1607 
1537 
1327 
1257 
1397 
1327 
1327 
1257 
1327 
1327 
1397 
1327 
6774 
1327 
1187 
1327 
1327 
1327 
1257 
1327 
1466 
1257 
1187 
1327 
1187 
1048 
1327 
1327 
1257 
1187 
1047 
1397 
1187 
1257 
1257 
1188 
1188 
1118 
6705 
1187 
1187 
1117 
1118 
1187 
1188 
1187 
1118 
1187 
1187 
1188 
1188 
1187 
3213 
3213 
2934 
3073 
3003 
2934 
2863 
3492 
2724 
2724 
2863 
2724 
2724 
2654 
2794 
2724 
2654 
2514 
2445 
2305 
2444 
2444 
2374 
2305 
2305 
1886 
2095 
2025 
2095 
2165 
1886 
1816 
1886 
1816 
1676 
1606 
1746 
1536 
1746 
1746 
1676 
1676 
1815 
1537 
1467 
1676 
1397 
1397 
1606 
1536 
1397 
1467 
1187 
1048 
1118 
6565 
908 
978 
1118 
1117 
1047 
1258 
1257 
978 
908 
1188 
769 
908 
838 
698 
838 
768 
1048 
1048 
839 
908 
769 
1187 
908 
908 
908 
768 
9917 
768 
628 
698 
698 
6355 
699 
908 
977 
908 
839 
838 
699 
908 
908 
908 
838 
908 
3352 
3283 
3213 
3143 
3212 
3771 
3073 
2934 
3073 
2723 
2793 
2794 
2654 
2724 
2724 
2654 
2724 
2375 
2514 
2235 
2305 
2304 
2375 
2095 
2235 
2304 
2095 
2235 
1956 
2026 
1956 
1956 
1886 
1746 
15435 
1886 
1816 
1746 
1607 
1117 
1676 
1677 
1676 
1466 
1676 
1537 
1606 
1606 
1537 
1397 
1466 
1187 
1118 
1327 
1397 
1397 
1327 
1257 
1257 
1118 
1816 
1466 
1188 
1187 
1257 
1257 
1187 
907 
1187 
1187 
1187 
14597 
1187 
6705 
1187 
1187 
1257 
1187 
1187 
1257 
1606 
1187 
1187 
1187 
1187 
1117 
1187 
1117 
1118 
1187 
1117 
908 
1047 
908 
1187 
1048 
908 
977 
11035 
908 
3632 
9568 
3352 
3283 
3143 
2933 
3143 
3422 
3073 
3003 
2723 
2933 
2864 
2723 
2933 
3004 
2794 
2654 
2724 
2514 
2654 
2445 
2445 
2375 
2165 
2374 
2304 
2514 
2305 
2514 
2305 
2095 
2165 
2095 
1956 
1886 
2095 
2025 
2095 
2025 
1886 
1955 
1746 
1886 
1466 
1676 
1677 
1676 
1746 
1676 
1606 
9079 
1607 
1537 
1676 
1467 
2096 
1885 
1467 
1397 
1048 
1606 
1187 
1048 
1118 
908 
1258 
1258 
1397 
1537 
1816 
1466 
1397 
1467 
1466 
1606 
1397 
1397 
1467 
1327 
1188 
1257 
1257 
1397 
6985 
1536 
1327 
1327 
1187 
1257 
1397 
1327 
1327 
1327 
1536 
1327 
1117 
1117 
1327 
1118 
3492 
3562 
3632 
3492 
3422 
3143 
3562 
3282 
3143 
3283 
3143 
3143 
3073 
2793 
2864 
3142 
3213 
2934 
2794 
2654 
2514 
2584 
3003 
2515 
2584 
2585 
2584 
2514 
2514 
2445 
2514 
2305 
2235 
2515 
2445 
2444 
2654 
2305 
2305 
2305 
2444 
2374 
2584 
2235 
2305 
2095 
2096 
2305 
2304 
2165 
2026 
2305 
2165 
2305 
2165 
2165 
2585 
7333 
2444 
1886 
1956 
1886 
2165 
1955 
1607 
1886 
1816 
1886 
1955 
1816 
1746 
1677 
1676 
1886 
2305 
1886 
1676 
1677 
1606 
1606 
1606 
1816 
1537 
1746 
1676 
8730 
1746 
1746 
2095 
1676 
1956 
1676 
1607 
1676 
1537 
1815 
1606 
1466 
1536 
1537 
3492 
3632 
3283 
3283 
3422 
3352 
2096 
2095 
3282 
2375 
2933 
3073 
3143 
3003 
3142 
2933 
13131 
2793 
2863 
2794 
2724 
2793 
2793 
2584 
2654 
2584 
2514 
2444 
2724 
2654 
2444 
2375 
2445 
2375 
2584 
2235 
2305 
2654 
2095 
2025 
2234 
2304 
2095 
1886 
1746 
2025 
1746 
1886 
1677 
1746 
1816 
1746 
1536 
1676 
2933 
3981 
2374 
2863 
2584 
1746 
1676 
2165 
1606 
1607 
4469 
1816 
1537 
1816 
1746 
1606 
1676 
1467 
1607 
1746 
1746 
1467 
1746 
1746 
2654 
2305 
2584 
1746 
1536 
1537 
1606 
1606 
1886 
1536 
1677 
1327 
1537 
1607 
1536 
1607 
1467 
7333 
1607 
1537 
1536 
1676 
3632 
3771 
3143 
3283 
3213 
3073 
3143 
3073 
2934 
3352 
2794 
3422 
3073 
3702 
2933 
3213 
2793 
2724 
2794 
2723 
2724 
2584 
2515 
2375 
2375 
2445 
2444 
2375 
2375 
2374 
2305 
2375 
2235 
2444 
2165 
2165 
2794 
2026 
2165 
2235 
2025 
1885 
2235 
2235 
3912 
3073 
2375 
2235 
1956 
2025 
1676 
1746 
2096 
1746 
2584 
12153 
1746 
1816 
1606 
1606 
1467 
1606 
1886 
1607 
1607 
1536 
1606 
6705 
1677 
1606 
1816 
1536 
1467 
1677 
1606 
1955 
1676 
1397 
1607 
2375 
2445 
3981 
2514 
2445 
2305 
2165 
1536 
1467 
1537 
1746 
1606 
1536 
1467 
6705 
1257 
1257 
1187 
1257 
1537 
1397 
3562 
3492 
3701 
3562 
3493 
3282 
3492 
3423 
3492 
3352 
3213 
3353 
3213 
3213 
3073 
3143 
3282 
3283 
3073 
3143 
3073 
2794 
3003 
2863 
2584 
2584 
2724 
2934 
2654 
2793 
2794 
2794 
2654 
2445 
2445 
2515 
2514 
2654 
2584 
2515 
2445 
2444 
2793 
2724 
2374 
2096 
2863 
2934 
1816 
2235 
2515 
2025 
2444 
2025 
1886 
1955 
2374 
1816 
1676 
1746 
1815 
1746 
1956 
1746 
1746 
1607 
1606 
2095 
1677 
1746 
1537 
1537 
1397 
1746 
1118 
9358 
1187 
1187 
1048 
1118 
2304 
1676 
1606 
1118 
1467 
1258 
1676 
1537 
1816 
1607 
1886 
1467 
1467 
1536 
1467 
1537 
1397 
1327 
1187 
978 
3352 
3562 
3422 
3352 
3143 
3143 
3004 
3003 
3003 
3003 
2724 
2724 
2584 
2794 
2724 
2793 
2724 
2724 
2375 
2724 
2444 
2375 
2375 
2235 
2095 
2794 
1816 
2165 
2025 
2304 
2025 
1676 
1536 
1676 
2165 
2095 
3003 
3632 
2794 
1397 
2933 
1397 
1816 
1816 
1397 
1188 
1816 
2025 
1048 
1536 
2026 
1606 
1397 
1187 
2095 
1467 
1606 
2515 
8032 
1537 
1397 
3073 
2025 
1606 
1397 
3212 
1676 
1396 
1257 
2515 
978 
908 
1187 
2305 
1886 
1188 
1188 
978 
1467 
1187 
1886 
1118 
1047 
1047 
1467 
1118 
1467 
1187 
1118 
2375 
978 
1048 
978 
5937 
1048 
978 
1257 
1187 
978 
1257 
3772 
3562 
3422 
3352 
3422 
3073 
3003 
2863 
2793 
2724 
2934 
3003 
3142 
2934 
3003 
3073 
2724 
2863 
2724 
2934 
2654 
2584 
2654 
2444 
3143 
4051 
2654 
2375 
2863 
2375 
1816 
1886 
1886 
1746 
1746 
1815 
1607 
1606 
1956 
1955 
2235 
1816 
1746 
1676 
1467 
1187 
1187 
1257 
1188 
1257 
1746 
1187 
1118 
1048 
1048 
1047 
1117 
1257 
1188 
1327 
3283 
1187 
1467 
1606 
1327 
1467 
5169 
2026 
1536 
2304 
1886 
1327 
1746 
2445 
1886 
2445 
2445 
2863 
2445 
1746 
2514 
1607 
1257 
1257 
977 
977 
838 
1397 
1047 
1117 
1047 
1117 
1257 
1048 
1187 
1257 
978 
978 
978 
3702 
3143 
3283 
3422 
3143 
2864 
2934 
3143 
3212 
3073 
3003 
2654 
2864 
2863 
2724 
2584 
3911 
2864 
2654 
2863 
2724 
2724 
2654 
2724 
2514 
2374 
2305 
2445 
2375 
2445 
2584 
2235 
2375 
2584 
2444 
2514 
2445 
2026 
1956 
2026 
1886 
2095 
1816 
1746 
1676 
1815 
1886 
1607 
1607 
1746 
1816 
1746 
1885 
1536 
1956 
2025 
1257 
1397 
2165 
1607 
1746 
1816 
1676 
1537 
1397 
977 
1327 
1327 
1117 
1327 
1397 
1397 
1327 
1677 
1397 
1258 
1327 
2095 
1466 
1257 
1327 
1327 
1536 
1257 
1327 
7962 
1327 
1258 
1257 
1327 
1258 
1257 
1188 
1258 
1257 
1258 
1048 
1187 
978 
1048 
908 
4051 
3702 
3562 
3003 
3003 
3771 
3841 
2723 
3003 
2863 
3492 
3352 
3562 
3422 
3631 
3562 
4261 
2933 
2584 
1537 
1397 
1746 
1466 
2025 
1816 
1676 
3632 
2445 
2654 
3422 
1816 
2654 
3771 
2514 
1676 
1816 
1746 
1746 
1676 
1676 
1746 
1746 
1886 
1886 
1676 
1606 
1606 
1466 
1537 
1676 
1327 
1397 
1397 
1188 
1117 
1327 
1606 
1327 
1746 
6146 
1746 
1606 
1676 
1327 
1676 
1606 
1607 
1257 
1747 
1187 
1117 
1257 
1187 
1257 
1327 
1257 
1118 
908 
1118 
1047 
908 
1117 
1048 
978 
978 
1118 
908 
838 
978 
5797 
1257 
1607 
1327 
1187 
1187 
978 
908 
1187 
977 
1188 
2863 
3422 
2794 
2723 
3143 
3142 
3073 
2724 
2724 
2793 
2724 
2515 
2445 
2375 
2654 
2445 
2305 
2165 
2096 
1956 
2095 
1956 
2095 
2165 
2584 
2304 
1956 
1886 
1886 
1746 
1676 
1816 
1956 
2025 
1816 
1816 
1816 
1886 
1956 
1816 
1816 
1816 
1676 
1676 
1606 
2724 
2864 
1886 
2025 
2095 
1816 
1955 
1606 
1676 
1886 
2165 
1886 
1676 
2514 
2165 
1676 
1746 
1886 
1397 
1118 
1397 
1396 
3772 
1187 
1467 
1048 
1467 
1257 
1117 
1187 
1117 
1816 
1257 
1327 
2025 
1537 
1676 
1397 
1467 
1188 
1257 
1117 
1047 
1118 
1187 
1118 
1676 
1117 
1048 
1187 
1118 
1117 
1187 
1117 
1047 
4191 
3981 
3423 
2305 
2654 
3212 
2654 
2724 
4888 
3282 
2863 
1467 
1746 
1676 
2724 
1397 
2025 
2375 
2165 
2305 
3702 
1467 
1467 
1326 
1885 
1746 
2445 
2095 
2444 
2305 
1536 
1747 
1956 
1258 
1536 
1327 
1257 
1746 
3353 
2514 
2165 
2585 
2724 
2095 
2444 
3003 
2584 
3143 
3283 
1816 
3701 
2305 
1467 
1187 
1118 
1397 
1955 
1676 
2374 
1746 
2584 
3492 
2445 
2095 
2095 
2025 
1606 
1607 
1676 
1607 
1676 
2165 
1676 
1746 
1885 
1607 
2584 
1536 
978 
1117 
1257 
1606 
1606 
5517 
1327 
2165 
2375 
1536 
1466 
1188 
1188 
2096 
1257 
1188 
1327 
1537 
1327 
1327 
1327 
1467 
3981 
3841 
3842 
3492 
3562 
3562 
3632 
3353 
3282 
3283 
3003 
3143 
2794 
2933 
2724 
2793 
2933 
2514 
2584 
2654 
2445 
2515 
2374 
3003 
4750 
4190 
4121 
4190 
4610 
2654 
3772 
3981 
2374 
2445 
3003 
2584 
1816 
1816 
1955 
1816 
1886 
2095 
1746 
2026 
2305 
2026 
2165 
1537 
1606 
1536 
1537 
1467 
1607 
1955 
1467 
1677 
1467 
1467 
1397 
1536 
2026 
2096 
1886 
1466 
2584 
2514 
3702 
1048 
1117 
1118 
1257 
1187 
908 
908 
1048 
978 
1676 
1536 
1466 
1607 
1676 
2444 
1118 
1397 
1327 
908 
1047 
978 
1258 
1188 
1117 
1606 
1257 
1676 
1397 
1746 
1188 
1397 
6146 
908 
4121 
3492 
4331 
2584 
3074 
1606 
1676 
5238 
1606 
2654 
2026 
1746 
2235 
2584 
2375 
2166 
2375 
2235 
1467 
2235 
2375 
2514 
2025 
2026 
1746 
1816 
1467 
1327 
1327 
1815 
1676 
1536 
2305 
2095 
2165 
2724 
2095 
2165 
1747 
1885 
1816 
1885 
2095 
2026 
1816 
1746 
2165 
1677 
1676 
1466 
1677 
1676 
1746 
1536 
1816 
1676 
1676 
1467 
1397 
1467 
1467 
1606 
1536 
2095 
1467 
1536 
1397 
1537 
1537 
1606 
1467 
1466 
1467 
1466 
1467 
1396 
1537 
1397 
1397 
1258 
1397 
7403 
1467 
1396 
1257 
1536 
1397 
1257 
1327 
1258 
1257 
1327 
1327 
1327 
1257 
1746 
1397 
1187 
1187 
1187 
4050 
3841 
3841 
3841 
3771 
4540 
4121 
4539 
3841 
6076 
6286 
4120 
4539 
3073 
5029 
3283 
2863 
3073 
2724 
3702 
3143 
2654 
2794 
4051 
3353 
3981 
3073 
2794 
3911 
2934 
3213 
3702 
2444 
3143 
4050 
3632 
3282 
2235 
1955 
2165 
1606 
2095 
1467 
1396 
2305 
1607 
1676 
1606 
1466 
1746 
1956 
1746 
1886 
2096 
1537 
2095 
1885 
8381 
2165 
2095 
2026 
1886 
2026 
1886 
2235 
1397 
1466 
1327 
1257 
1955 
1746 
2165 
2305 
2095 
2235 
11734 
2654 
1816 
2375 
1676 
1117 
908 
838 
908 
1187 
1396 
1187 
1187 
1048 
1048 
908 
1117 
1816 
4540 
978 
1257 
1047 
1187 
1327 
1676 
3492 
3771 
3702 
3423 
3632 
3771 
3492 
3073 
3562 
3212 
3213 
3143 
2794 
3073 
3283 
3283 
2863 
3213 
3073 
3142 
4469 
1886 
2096 
1746 
1677 
1537 
1746 
2864 
2095 
2095 
2235 
2095 
1886 
2445 
2515 
2724 
1886 
2933 
2375 
2095 
1746 
1956 
2235 
1886 
2584 
2305 
2375 
2724 
2515 
2445 
2095 
2445 
2584 
3283 
2304 
2654 
2305 
3143 
3003 
2514 
2235 
2166 
2305 
1537 
1746 
1955 
1327 
2025 
1816 
1397 
3492 
908 
1536 
1118 
838 
838 
1048 
977 
1048 
1816 
1257 
2095 
1467 
1187 
1048 
1187 
1047 
1257 
2375 
2654 
1467 
1117 
1676 
1187 
1257 
1537 
1536 
1048 
1746 
1047 
3981 
1955 
3562 
1885 
1816 
1955 
3073 
2864 
2654 
2793 
1676 
1676 
1677 
2724 
1955 
2235 
2515 
2374 
2584 
2654 
2444 
2445 
2235 
1606 
2654 
2235 
1537 
1816 
2235 
2305 
2445 
2165 
2235 
1955 
2095 
2305 
1327 
2026 
1746 
2026 
1676 
1606 
1606 
1606 
1676 
1746 
7193 
1676 
1676 
1537 
1397 
1397 
2025 
1816 
1257 
1467 
1187 
1187 
1537 
1048 
1048 
1257 
1117 
2305 
1397 
1187 
1537 
1536 
1536 
1467 
1607 
1396 
1327 
7892 
1397 
1397 
1327 
1257 
1327 
1187 
1327 
1327 
1327 
1257 
1258 
1117 
1257 
1397 
1327 
2305 
1466 
1746 
1676 
1397 
1327 
1188 
1257 
1187 
1886 
1187 
3073 
3562 
3143 
4959 
3841 
3562 
3073 
3352 
3074 
3073 
3073 
2864 
1886 
4121 
1746 
1606 
1885 
1886 
2933 
3562 
2375 
2934 
3143 
2514 
2165 
2514 
2374 
2445 
2584 
2794 
2305 
2793 
3003 
2235 
2515 
2375 
2096 
2374 
3143 
1955 
1118 
1117 
1187 
1606 
1118 
1257 
1397 
5238 
1886 
1816 
2235 
1327 
1117 
1956 
2026 
1327 
1048 
1258 
2934 
1607 
1606 
1117 
1607 
1257 
1187 
1258 
1187 
1816 
1467 
1746 
1397 
1886 
1117 
1187 
1466 
1187 
1607 
1327 
1536 
1536 
1466 
1606 
1257 
1815 
1048 
1606 
5867 
1327 
1676 
1676 
1467 
1117 
1955 
1117 
1746 
1257 
1188 
1187 
1257 
1187 
3701 
3771 
3631 
3911 
3352 
3492 
3073 
3212 
3213 
3073 
2863 
3213 
2724 
3003 
2724 
3562 
2863 
2934 
2724 
2863 
2584 
2654 
2654 
2933 
2515 
2374 
2445 
2374 
2375 
2305 
2514 
2584 
2445 
2444 
2654 
2165 
2165 
2514 
2235 
2305 
2514 
1676 
3422 
2165 
1397 
1327 
1956 
1746 
1537 
1676 
1676 
1537 
1676 
1676 
1676 
1955 
1536 
2165 
1397 
1606 
1607 
1537 
1886 
6984 
1467 
1537 
1397 
1396 
1677 
1397 
1606 
1257 
1257 
1187 
1047 
978 
1048 
1118 
1188 
1188 
1118 
1048 
1606 
1257 
1536 
908 
1676 
1188 
1047 
1048 
1118 
2304 
1537 
1117 
3353 
1188 
1258 
1048 
1047 
908 
3981 
3981 
3981 
3981 
3981 
3282 
3841 
3911 
3701 
3282 
5448 
2654 
2724 
2864 
3143 
2654 
3422 
2025 
2444 
1956 
5168 
4260 
1676 
1816 
1537 
1746 
3841 
3213 
1606 
4400 
4260 
3213 
2166 
2864 
1467 
1886 
2514 
2235 
3353 
3283 
2444 
1815 
4260 
2305 
1467 
1327 
1886 
1466 
3004 
1537 
2095 
1258 
1397 
3003 
1746 
2235 
2374 
1257 
2305 
1816 
2235 
1537 
2724 
1467 
1327 
1676 
1956 
1397 
1397 
1258 
1258 
6565 
1397 
1327 
1117 
1257 
1257 
1467 
1327 
1397 
2025 
1607 
2864 
1746 
1467 
838 
1536 
1187 
1257 
1536 
2025 
838 
908 
838 
838 
768 
838 
908 
1047 
768 
2863 
4051 
3283 
3562 
3423 
3562 
2793 
3142 
3771 
4260 
3213 
1536 
2095 
1537 
1606 
1396 
1886 
1746 
2584 
1397 
1467 
1606 
1816 
2863 
2514 
2235 
3492 
3213 
3422 
3073 
1536 
1747 
1257 
1118 
1048 
1886 
1327 
1117 
1537 
1466 
1466 
1746 
1397 
1676 
1816 
5937 
1606 
2235 
1885 
1327 
1536 
1187 
1258 
1537 
1397 
1327 
1327 
2235 
1467 
1676 
1327 
1257 
1327 
1816 
1746 
1327 
1258 
1258 
1188 
977 
1257 
1606 
1606 
1187 
1537 
1257 
1257 
7333 
2165 
1187 
1886 
1118 
1257 
1536 
1187 
1676 
1607 
1327 
1047 
978 
1188 
978 
908 
838 
1467 
1257 
978 
978 
1257 
978 
5169 
2514 
2654 
2654 
2375 
4400 
1746 
1956 
2305 
2165 
1816 
1816 
1816 
1676 
1746 
1816 
1676 
1607 
1676 
1606 
1816 
1606 
1607 
1607 
1956 
1606 
1885 
1536 
1886 
3562 
1746 
2235 
2095 
1606 
1746 
2026 
1746 
3981 
1676 
1886 
1537 
1536 
2095 
1537 
1327 
1746 
1537 
1396 
1816 
2234 
1746 
1816 
2235 
1956 
2723 
2934 
7683 
2794 
3073 
2445 
2515 
2095 
3213 
2305 
1397 
1676 
1886 
2724 
2026 
2933 
1676 
2444 
1746 
2305 
1746 
1746 
2025 
2025 
1816 
1397 
1746 
1327 
1746 
1327 
1187 
1257 
1187 
1257 
3911 
1187 
1258 
2584 
1258 
1047 
978 
978 
1117 
1397 
1048 
1327 
5308 
2724 
4330 
3003 
4610 
3702 
3423 
2724 
2933 
3073 
3492 
2654 
2514 
1676 
2305 
2863 
2515 
3492 
3911 
3352 
3492 
2933 
1816 
2025 
2235 
2793 
2584 
1886 
1536 
2166 
1606 
1536 
2235 
1676 
1746 
2165 
1327 
1606 
1746 
1676 
1607 
2025 
1536 
1746 
1327 
1886 
1607 
1676 
1886 
1955 
1467 
2305 
2025 
2165 
1956 
2095 
1257 
1187 
1188 
1397 
977 
907 
769 
769 
1117 
768 
768 
838 
2863 
769 
2165 
838 
1257 
978 
838 
768 
768 
768 
838 
768 
768 
768 
769 
768 
768 
769 
768 
838 
1257 
1327 
1187 
1048 
908 
838 
908 
908 
908 
1047 
768 
5587 
3911 
4330 
4610 
4400 
6426 
6495 
5378 
3702 
3282 
3282 
1816 
2514 
1816 
4330 
2794 
3841 
2863 
1606 
1676 
2165 
3492 
3213 
2235 
3212 
3912 
3213 
1955 
1187 
1258 
1746 
2235 
1396 
2025 
2095 
2304 
2654 
2864 
2165 
2026 
1955 
1955 
4260 
3143 
3771 
2794 
3562 
3282 
2724 
3143 
3423 
3283 
2235 
3213 
1886 
2444 
2235 
2515 
2374 
2654 
1956 
2793 
2514 
1397 
1607 
2584 
1676 
1606 
1257 
1397 
1607 
1397 
1746 
1886 
1396 
1117 
3073 
1047 
1956 
1188 
1466 
1118 
2654 
2724 
2724 
1955 
2444 
2724 
2933 
2724 
3004 
2584 
2654 
2864 
2515 
2724 
2584 
1956 
2514 
2444 
2095 
4400 
5517 
3981 
4889 
4680 
4261 
3981 
1885 
2235 
2165 
1746 
1676 
1537 
1816 
1746 
1816 
1885 
1955 
1955 
1956 
2095 
1955 
2095 
2025 
2304 
3562 
2375 
3771 
2165 
2934 
1676 
1467 
1397 
1188 
1327 
1258 
1327 
1257 
5936 
1397 
1257 
1118 
1188 
2444 
1397 
1118 
1397 
1188 
1606 
1467 
2724 
3003 
1956 
2514 
1327 
1117 
1327 
3701 
1188 
1047 
1885 
1466 
1327 
3003 
1396 
1187 
1047 
978 
1327 
1117 
1747 
1397 
978 
908 
1048 
978 
1537 
978 
1746 
1815 
978 
978 
1188 
2026 
4749 
2724 
2933 
1536 
1397 
1047 
1117 
1187 
1048 
1746 
1676 
1187 
2514 
1467 
1676 
1187 
1886 
1606 
1746 
2025 
1885 
2165 
2584 
4888 
2793 
2165 
1746 
2026 
2514 
2445 
2375 
2374 
3142 
2933 
2724 
1397 
2724 
1746 
2375 
1467 
3492 
1956 
1467 
1537 
1956 
2305 
2026 
2654 
1746 
3353 
3212 
3352 
2165 
1537 
3004 
1327 
1187 
1258 
1118 
1257 
1327 
1677 
1118 
1117 
1187 
1187 
1117 
1117 
2095 
1816 
1327 
1746 
1955 
1746 
1746 
6076 
1466 
1676 
1746 
1746 
2305 
1746 
2305 
1676 
2793 
3212 
2933 
1676 
2095 
1047 
1048 
978 
978 
1607 
1257 
1327 
2025 
1397 
1397 
1118 
4679 
2793 
1118 
1117 
2026 
1606 
2864 
1956 
1118 
1467 
2235 
1188 
1048 
1606 
1467 
1676 
3073 
3003 
3283 
3213 
3073 
3283 
2864 
2933 
2863 
2794 
2724 
2654 
2165 
3283 
1607 
3562 
2654 
2654 
2444 
2654 
2863 
2375 
2235 
1886 
2375 
1955 
1956 
2514 
2235 
2235 
2165 
2096 
2235 
2305 
2863 
2096 
2305 
2095 
2025 
2724 
1258 
2375 
1257 
1327 
1327 
2095 
2025 
1537 
1397 
1466 
1537 
1537 
1607 
1746 
1606 
1746 
1537 
2096 
2724 
1955 
2165 
2584 
2375 
1676 
1537 
1047 
7124 
1188 
1257 
1257 
1118 
1258 
1117 
1048 
1048 
1397 
1397 
1257 
1188 
1257 
1257 
1327 
1327 
1397 
1606 
1327 
1886 
1257 
1188 
1187 
1118 
1187 
1118 
1117 
1048 
1048 
6216 
1048 
1048 
908 
3701 
3562 
3422 
3842 
3282 
3562 
3073 
3143 
3422 
3352 
2933 
3213 
3143 
3282 
3213 
3143 
2933 
2864 
2654 
2654 
2863 
2584 
2584 
2444 
3003 
2584 
2514 
2584 
2654 
2584 
2375 
2515 
2374 
2514 
2654 
2304 
2724 
2445 
2374 
2445 
2584 
2375 
2305 
2095 
2305 
2374 
2235 
2095 
1746 
1816 
2026 
1886 
1816 
1816 
2654 
1816 
2095 
1677 
2025 
1606 
1676 
1466 
1746 
1397 
1397 
1257 
1257 
1327 
1536 
1258 
1606 
1467 
1536 
1607 
1327 
1536 
7404 
2165 
1606 
1816 
1467 
1467 
1188 
1188 
1467 
1327 
1397 
1396 
1397 
1187 
1536 
1396 
1536 
1467 
1327 
1257 
1327 
1676 
1397 
1257 
3911 
3632 
3282 
4051 
3632 
3422 
3842 
3352 
3213 
3143 
3143 
2934 
2933 
2863 
2863 
2724 
3003 
2654 
3003 
2934 
2863 
2584 
2724 
2514 
2654 
2445 
3772 
2445 
2375 
2375 
2793 
2374 
2444 
2165 
1886 
1955 
1956 
1746 
1885 
2095 
1956 
2095 
1886 
1886 
1886 
2026 
1886 
1886 
2095 
2025 
1956 
1955 
1816 
1956 
1956 
9359 
1956 
2165 
2724 
1606 
1816 
1815 
1885 
1746 
1816 
1886 
1746 
1537 
2025 
1746 
1676 
1606 
1606 
1746 
1885 
1676 
1746 
1746 
1746 
1746 
1607 
1746 
1676 
1746 
1677 
9079 
1746 
2235 
1815 
1606 
1816 
1606 
2165 
3073 
2165 
1746 
1606 
1606 
1676 
1886 
3772 
3771 
3912 
3562 
3283 
3492 
3562 
3701 
4260 
3283 
3004 
3073 
3212 
3143 
3004 
2934 
3073 
2864 
3143 
2585 
2794 
2863 
2654 
3003 
2584 
2654 
2444 
2444 
2375 
2444 
2445 
2794 
2724 
1956 
2165 
1816 
1955 
1746 
2095 
1956 
2375 
1955 
2026 
1955 
1816 
1816 
1816 
1816 
1816 
1606 
1886 
1816 
2514 
1816 
1746 
1606 
1886 
1676 
1676 
1676 
1746 
1676 
7543 
1816 
1816 
1816 
1607 
1886 
1886 
1886 
1885 
1816 
1747 
1816 
1746 
1886 
1815 
1816 
1537 
1816 
1746 
1885 
1816 
1816 
2025 
1677 
1746 
1676 
1746 
1536 
1536 
1606 
1466 
1606 
6774 
1537 
1536 
1537 
1537 
1397 
3771 
3911 
3702 
3981 
3632 
3632 
3702 
3562 
3352 
3353 
3143 
3283 
3003 
101830 
3003 
2794 
2654 
2723 
2724 
2514 
2584 
2585 
2515 
2375 
2444 
2444 
2514 
2305 
2235 
2234 
2165 
2165 
2095 
2165 
1956 
2095 
2095 
2026 
1885 
1955 
2096 
1886 
1886 
1816 
1955 
1536 
1676 
1606 
1677 
1606 
1607 
1606 
1607 
2445 
1606 
1676 
1676 
1536 
1676 
1536 
1467 
1327 
1466 
1327 
1397 
1257 
1327 
1327 
1885 
1397 
1467 
1327 
1327 
1188 
1536 
7054 
1467 
1327 
1327 
1467 
1466 
1397 
1327 
1816 
1467 
1396 
1327 
1466 
1467 
1466 
1397 
1467 
1467 
1397 
1327 
1327 
1397 
1746 
1816 
1327 
4191 
4120 
3631 
3632 
3841 
3771 
3631 
3562 
3562 
3212 
3282 
3352 
3143 
3352 
3073 
3213 
3352 
2933 
3282 
3003 
3004 
2863 
3073 
2794 
3003 
2794 
2584 
2724 
2864 
2514 
2514 
2444 
2375 
2514 
2305 
2724 
2515 
2235 
2235 
2304 
2025 
2095 
2514 
2166 
2026 
1886 
2025 
1885 
1956 
2165 
1886 
1816 
1746 
8800 
1816 
1746 
1816 
2654 
1816 
1676 
1816 
1746 
1607 
1537 
1607 
1746 
1746 
1676 
1815 
1746 
2026 
1537 
1816 
1677 
1607 
1606 
1606 
1606 
1676 
1536 
1397 
7683 
1606 
1397 
1955 
2025 
1536 
1467 
1536 
1746 
1397 
1257 
1327 
1397 
1466 
1606 
1886 
1257 
1327 
1327 
3073 
3003 
3212 
3631 
3352 
3283 
3702 
3632 
5378 
3423 
3143 
3143 
2794 
2515 
2514 
2654 
2654 
2654 
2654 
2514 
3702 
4051 
3422 
1397 
1746 
3004 
1816 
1746 
2304 
2165 
1816 
1676 
1746 
2166 
1606 
2026 
2095 
1956 
1886 
1746 
1886 
1746 
1677 
1537 
1537 
1537 
1885 
1537 
1536 
1677 
1886 
1257 
1536 
1886 
1677 
1257 
1467 
1327 
1187 
1536 
1677 
1467 
1187 
1396 
1467 
6007 
1397 
1117 
1187 
1048 
1327 
1257 
1187 
1118 
1048 
907 
1118 
977 
1327 
1327 
1118 
977 
699 
1047 
908 
1047 
1187 
908 
1187 
1467 
1676 
1816 
1607 
1048 
1048 
5867 
838 
1467 
1047 
1048 
3632 
4819 
3562 
3492 
3701 
3632 
3632 
3422 
3073 
3632 
3142 
4051 
3213 
3422 
3003 
3213 
3004 
2863 
3492 
4260 
2794 
2794 
2863 
4330 
5168 
4889 
2723 
2095 
1746 
2165 
2724 
1955 
2375 
1886 
2445 
2445 
2445 
2096 
2654 
10616 
2165 
2304 
2165 
2165 
2096 
2095 
2026 
2165 
1816 
1955 
2235 
2584 
2305 
3561 
3771 
3632 
3422 
2026 
2654 
1606 
1956 
1466 
1467 
1397 
1607 
1815 
1606 
1537 
2026 
1607 
1606 
1885 
1536 
7194 
1327 
1327 
1327 
1537 
1327 
1397 
1396 
1188 
1257 
1397 
1187 
1187 
1327 
1187 
1188 
1956 
1816 
1955 
1886 
1747 
1327 
2654 
1537 
1467 
978 
1327 
4051 
4540 
3841 
5168 
4819 
7333 
7403 
6844 
2375 
1886 
1885 
3213 
1886 
1886 
2864 
2933 
3073 
3143 
2654 
2654 
3143 
3213 
2794 
3282 
3143 
3353 
2654 
2584 
8451 
2794 
2933 
2933 
2584 
2584 
2584 
2863 
2514 
2794 
2515 
2374 
2375 
2166 
2305 
2165 
2515 
2375 
2305 
2096 
2235 
2095 
2026 
1955 
1956 
2025 
3143 
2165 
1746 
1886 
2374 
1886 
1746 
2095 
3422 
2724 
2305 
1327 
1886 
2165 
8242 
1815 
1746 
1676 
1955 
1537 
1467 
1606 
1607 
1606 
2025 
2165 
1676 
1746 
2584 
1816 
1677 
10895 
2235 
2375 
1606 
1117 
1466 
1397 
1327 
1606 
1536 
1537 
1467 
1607 
1606 
1537 
3632 
3142 
3562 
3492 
3282 
3282 
3422 
3631 
3073 
2864 
3074 
3004 
2933 
2864 
3004 
3422 
2863 
2724 
2654 
2584 
2793 
2794 
2514 
2794 
2444 
2444 
2514 
2515 
2235 
2166 
2235 
2375 
2304 
2514 
2444 
2165 
2375 
2584 
2165 
2095 
2305 
2584 
3282 
2165 
2165 
2305 
2305 
2374 
2165 
2026 
2165 
2165 
3562 
8800 
2444 
2165 
1885 
2165 
2095 
2025 
1746 
1746 
1816 
1816 
1746 
1746 
1816 
1816 
1886 
1956 
1955 
1816 
1886 
2025 
1676 
1606 
1746 
1606 
1676 
1677 
1537 
1537 
1327 
1536 
6286 
1676 
1885 
1746 
1188 
1467 
1536 
1816 
1467 
1396 
1467 
1466 
1257 
1536 
1676 
1257 
3632 
5308 
6704 
6844 
5936 
3702 
3283 
3213 
3282 
3213 
3003 
2793 
2933 
2863 
3004 
2584 
3352 
2933 
2724 
2515 
2654 
2305 
2654 
2584 
2305 
2166 
2305 
2304 
2584 
2305 
2305 
2166 
2235 
10337 
2025 
2095 
2095 
2095 
1956 
1885 
2025 
2026 
1816 
1885 
3143 
2654 
2515 
1816 
1886 
1746 
1815 
1746 
1537 
1816 
1746 
1746 
1537 
1537 
1537 
1885 
1607 
1537 
1537 
7194 
1536 
1397 
1467 
1397 
1537 
1536 
1536 
1536 
1955 
1676 
1467 
1467 
1607 
1676 
1467 
1537 
1536 
1467 
1327 
1466 
1677 
1676 
1606 
1606 
1746 
1467 
1676 
1467 
1537 
7124 
1676 
1676 
1536 
1677 
1536 
1537 
3911 
3213 
4051 
3842 
3702 
3632 
3282 
3283 
3632 
3073 
3422 
3282 
3283 
3073 
3003 
3213 
2724 
2863 
2793 
3213 
3841 
3841 
2515 
2584 
2584 
2444 
2794 
2375 
2165 
2584 
2026 
2375 
2235 
2095 
2165 
2095 
3562 
2584 
2026 
2025 
7753 
1955 
2096 
2096 
2235 
2235 
1956 
2305 
2235 
1885 
1816 
1816 
3073 
1746 
2025 
1746 
1537 
1467 
1606 
1466 
1536 
7054 
1536 
1537 
2654 
2305 
1746 
1607 
1607 
1537 
1397 
1396 
1676 
1606 
1537 
1397 
1257 
1257 
1677 
1606 
1607 
1537 
1536 
1537 
1746 
1746 
1676 
1257 
1257 
1118 
1676 
1537 
1327 
6566 
1117 
1117 
1258 
1327 
1327 
1327 
3701 
3912 
5099 
3562 
3701 
3492 
3562 
3562 
3352 
3352 
3073 
3283 
2723 
3073 
3772 
3353 
2654 
4121 
3841 
2514 
1676 
1536 
1746 
2585 
1956 
2374 
2305 
3003 
2375 
2305 
1956 
2095 
2235 
1955 
2096 
2235 
2235 
2165 
4120 
3492 
2444 
2584 
3632 
2724 
1606 
1466 
2096 
1816 
1746 
1606 
1327 
1188 
1048 
1117 
1187 
1537 
1047 
1048 
1048 
2025 
1607 
2165 
1466 
1885 
978 
1117 
1117 
4400 
1536 
1607 
1467 
1606 
1536 
1607 
1536 
1397 
1537 
1536 
1676 
1606 
1606 
1606 
1607 
1397 
1397 
1397 
1746 
1536 
1397 
1397 
1746 
1466 
6774 
1467 
1467 
1606 
1677 
1606 
1606 
1537 
4051 
3772 
3841 
3771 
3981 
3492 
3772 
4051 
3492 
3353 
3422 
2933 
2863 
2864 
2934 
2934 
2863 
2654 
2584 
2724 
3772 
3213 
2514 
2934 
3073 
2724 
2654 
1397 
2095 
2235 
2165 
2165 
2304 
2375 
2654 
3004 
3422 
3073 
2934 
2934 
3213 
2165 
1746 
1816 
1537 
1467 
1537 
1606 
2305 
2584 
2444 
2025 
1466 
1537 
1466 
1187 
1187 
1746 
1397 
1397 
1187 
1397 
1397 
1467 
1257 
1257 
1536 
1397 
1886 
1816 
1257 
978 
977 
1047 
1327 
5098 
1607 
1676 
1257 
1746 
1816 
1676 
908 
768 
1048 
1048 
978 
1048 
768 
1048 
838 
1187 
1537 
978 
978 
908 
838 
1047 
978 
978 
4330 
3771 
3911 
3562 
3771 
3423 
3492 
3352 
3143 
3073 
2165 
2864 
3213 
2793 
2794 
2654 
3912 
3632 
2794 
2794 
2585 
2375 
2444 
2515 
2654 
2514 
2584 
2445 
2165 
2514 
2933 
2235 
2794 
2165 
2095 
2025 
2375 
2304 
2025 
1886 
2025 
1955 
1816 
1955 
1956 
2375 
1467 
1396 
1816 
1117 
1257 
1746 
1676 
1676 
1676 
1677 
1746 
1676 
1606 
1676 
1397 
8032 
1886 
1327 
1746 
1537 
1466 
1467 
1467 
1257 
1327 
1397 
1537 
1886 
1606 
2095 
2165 
2235 
1677 
1676 
1537 
1048 
1537 
1536 
1606 
1536 
1607 
1537 
1467 
1467 
1536 
1606 
1466 
1536 
8381 
1466 
1397 
1397 
1466 
2235 
